0.5 0.1 0.1 0.5 0.1 0.1 0.8 0.0 
0.5 0.1 0.1 0.5 0.1 0.1 0.8 0.0 
0.5 0.1 0.1 0.5 0.1 0.1 0.8 0.0 
0.5 0.1 0.1 0.5 0.1 0.1 0.8 0.0 
0.5 0.1 0.1 0.5 0.1 0.1 0.8 0.0 
0.5 0.1 0.1 0.5 0.1 0.1 0.8 0.0 
0.5 0.1 0.1 0.5 0.1 0.1 0.8 0.0 
0.5 0.1 0.1 0.5 0.1 0.1 0.8 0.0 
0.5 0.1 0.1 0.5 0.1 0.1 0.8 0.0 
0.5 0.1 0.1 0.5 0.1 0.1 0.8 0.0 
0.5 0.1 0.1 0.5 0.1 0.1 0.8 0.0 
0.3820116976415636 0.18899472288022368 0.7634722312324713 0.22211921530428147 0.5733784888032305 0.48616359903161965 0.263755897479767 9.0 
0.9742848707954568 0.955290788408077 0.06817239903839578 0.8854097452095048 0.5189429542214384 0.03975763131182142 0.7289423165759046 4.0 
0.8512309748540224 0.10843927031550005 0.20010498410051114 0.3557918800253588 0.6355212513428979 0.9671857290897347 0.1408949334571885 9.0 
0.9742848707954568 0.955290788408077 0.06817239903839578 0.8854097452095048 0.5189429542214384 0.03975763131182142 0.7289423165759046 4.0 
0.7618877592668303 0.43620237110288607 0.9288974062915512 0.6919811500835404 0.749435955493872 0.6219322784582708 0.9788005616791855 7.0 
0.4275139867065155 0.6785877098118396 0.5124455083028031 0.9690584800902271 0.1569019594323079 0.6481098492730788 0.017402133155763777 5.0 
0.7618877592668303 0.43620237110288607 0.9288974062915512 0.6919811500835404 0.749435955493872 0.6219322784582708 0.9788005616791855 7.0 
0.3820116976415636 0.18899472288022368 0.7634722312324713 0.22211921530428147 0.5733784888032305 0.48616359903161965 0.263755897479767 9.0 
0.7618877592668303 0.43620237110288607 0.9288974062915512 0.6919811500835404 0.749435955493872 0.6219322784582708 0.9788005616791855 7.0 
0.5425270777173832 0.031492352572393356 0.3115982581789939 0.17947373949052614 0.937362224881046 0.4839417190985167 0.8999256038725266 10.0 
0.4275139867065155 0.6785877098118396 0.5124455083028031 0.9690584800902271 0.1569019594323079 0.6481098492730788 0.017402133155763777 5.0 
0.5425270777173832 0.031492352572393356 0.3115982581789939 0.17947373949052614 0.937362224881046 0.4839417190985167 0.8999256038725266 10.0 
0.8512309748540224 0.10843927031550005 0.20010498410051114 0.3557918800253588 0.6355212513428979 0.9671857290897347 0.1408949334571885 9.0 
0.4275139867065155 0.6785877098118396 0.5124455083028031 0.9690584800902271 0.1569019594323079 0.6481098492730788 0.017402133155763777 5.0 
0.5425270777173832 0.031492352572393356 0.3115982581789939 0.17947373949052614 0.937362224881046 0.4839417190985167 0.8999256038725266 10.0 
0.4275139867065155 0.6785877098118396 0.5124455083028031 0.9690584800902271 0.1569019594323079 0.6481098492730788 0.017402133155763777 5.0 
0.9742848707954568 0.955290788408077 0.06817239903839578 0.8854097452095048 0.5189429542214384 0.03975763131182142 0.7289423165759046 4.0 
0.3820116976415636 0.18899472288022368 0.7634722312324713 0.22211921530428147 0.5733784888032305 0.48616359903161965 0.263755897479767 9.0 
0.9742848707954568 0.955290788408077 0.06817239903839578 0.8854097452095048 0.5189429542214384 0.03975763131182142 0.7289423165759046 4.0 
0.4275139867065155 0.6785877098118396 0.5124455083028031 0.9690584800902271 0.1569019594323079 0.6481098492730788 0.017402133155763777 5.0 
0.9742848707954568 0.955290788408077 0.06817239903839578 0.8854097452095048 0.5189429542214384 0.03975763131182142 0.7289423165759046 4.0 
0.3820116976415636 0.18899472288022368 0.7634722312324713 0.22211921530428147 0.5733784888032305 0.48616359903161965 0.263755897479767 9.0 
0.9742848707954568 0.955290788408077 0.06817239903839578 0.8854097452095048 0.5189429542214384 0.03975763131182142 0.7289423165759046 4.0 
0.9742848707954568 0.955290788408077 0.06817239903839578 0.8854097452095048 0.5189429542214384 0.03975763131182142 0.7289423165759046 4.0 
0.9742848707954568 0.955290788408077 0.06817239903839578 0.8854097452095048 0.5189429542214384 0.03975763131182142 0.7289423165759046 4.0 
0.9742848707954568 0.955290788408077 0.06817239903839578 0.8854097452095048 0.5189429542214384 0.03975763131182142 0.7289423165759046 4.0 
0.9742848707954568 0.955290788408077 0.06817239903839578 0.8854097452095048 0.5189429542214384 0.03975763131182142 0.7289423165759046 4.0 
0.4275139867065155 0.6785877098118396 0.5124455083028031 0.9690584800902271 0.1569019594323079 0.6481098492730788 0.017402133155763777 5.0 
0.4275139867065155 0.6785877098118396 0.5124455083028031 0.9690584800902271 0.1569019594323079 0.6481098492730788 0.017402133155763777 5.0 
0.8512309748540224 0.10843927031550005 0.20010498410051114 0.3557918800253588 0.6355212513428979 0.9671857290897347 0.1408949334571885 9.0 
