0.23501071602778556 0.3617787490266079 0.6099179394789792 0.932790848139179 0.5918235918786295 0.7594653300042082 0.5680124095624018 7.0 
0.5789033360197393 0.3236138193993465 0.29018817266688457 0.46445633843751466 0.8938659223364747 0.3444024456010364 0.07655475653263255 4.0 
0.23501071602778556 0.3617787490266079 0.6099179394789792 0.932790848139179 0.5918235918786295 0.7594653300042082 0.5680124095624018 7.0 
0.7145138527980095 0.2565962822666634 0.26810387937793434 0.7234285844353275 0.010327678765630566 0.7273421207390636 0.9461070624587166 10.0 
0.23501071602778556 0.3617787490266079 0.6099179394789792 0.932790848139179 0.5918235918786295 0.7594653300042082 0.5680124095624018 7.0 
0.8794037999739467 0.8850700709976281 0.7798816019120921 0.958112889139636 0.047165303814809545 0.1727452370896917 0.9125246767943591 10.0 
0.23501071602778556 0.3617787490266079 0.6099179394789792 0.932790848139179 0.5918235918786295 0.7594653300042082 0.5680124095624018 7.0 
0.43534907928357736 0.9550110069593124 0.1923156096408225 0.5946091476885463 0.8340292767786541 0.417608615205053 0.11857390896663145 5.0 
0.8794037999739467 0.8850700709976281 0.7798816019120921 0.958112889139636 0.047165303814809545 0.1727452370896917 0.9125246767943591 10.0 
0.43534907928357736 0.9550110069593124 0.1923156096408225 0.5946091476885463 0.8340292767786541 0.417608615205053 0.11857390896663145 5.0 
0.43534907928357736 0.9550110069593124 0.1923156096408225 0.5946091476885463 0.8340292767786541 0.417608615205053 0.11857390896663145 5.0 
0.5789033360197393 0.3236138193993465 0.29018817266688457 0.46445633843751466 0.8938659223364747 0.3444024456010364 0.07655475653263255 4.0 
0.8794037999739467 0.8850700709976281 0.7798816019120921 0.958112889139636 0.047165303814809545 0.1727452370896917 0.9125246767943591 10.0 
0.43534907928357736 0.9550110069593124 0.1923156096408225 0.5946091476885463 0.8340292767786541 0.417608615205053 0.11857390896663145 5.0 
0.6378846785986797 0.5367849556983101 0.2717025996732144 0.06213679553780882 0.286427876581973 0.30620490785753973 0.2612818844214416 5.0 
0.23501071602778556 0.3617787490266079 0.6099179394789792 0.932790848139179 0.5918235918786295 0.7594653300042082 0.5680124095624018 7.0 
0.43534907928357736 0.9550110069593124 0.1923156096408225 0.5946091476885463 0.8340292767786541 0.417608615205053 0.11857390896663145 5.0 
0.8794037999739467 0.8850700709976281 0.7798816019120921 0.958112889139636 0.047165303814809545 0.1727452370896917 0.9125246767943591 10.0 
0.8794037999739467 0.8850700709976281 0.7798816019120921 0.958112889139636 0.047165303814809545 0.1727452370896917 0.9125246767943591 10.0 
0.23501071602778556 0.3617787490266079 0.6099179394789792 0.932790848139179 0.5918235918786295 0.7594653300042082 0.5680124095624018 7.0 
0.23501071602778556 0.3617787490266079 0.6099179394789792 0.932790848139179 0.5918235918786295 0.7594653300042082 0.5680124095624018 7.0 
0.7145138527980095 0.2565962822666634 0.26810387937793434 0.7234285844353275 0.010327678765630566 0.7273421207390636 0.9461070624587166 10.0 
0.23501071602778556 0.3617787490266079 0.6099179394789792 0.932790848139179 0.5918235918786295 0.7594653300042082 0.5680124095624018 7.0 
0.23501071602778556 0.3617787490266079 0.6099179394789792 0.932790848139179 0.5918235918786295 0.7594653300042082 0.5680124095624018 7.0 
0.5789033360197393 0.3236138193993465 0.29018817266688457 0.46445633843751466 0.8938659223364747 0.3444024456010364 0.07655475653263255 4.0 
0.43534907928357736 0.9550110069593124 0.1923156096408225 0.5946091476885463 0.8340292767786541 0.417608615205053 0.11857390896663145 5.0 
0.8794037999739467 0.8850700709976281 0.7798816019120921 0.958112889139636 0.047165303814809545 0.1727452370896917 0.9125246767943591 10.0 
0.7145138527980095 0.2565962822666634 0.26810387937793434 0.7234285844353275 0.010327678765630566 0.7273421207390636 0.9461070624587166 10.0 
0.7145138527980095 0.2565962822666634 0.26810387937793434 0.7234285844353275 0.010327678765630566 0.7273421207390636 0.9461070624587166 10.0 
0.8794037999739467 0.8850700709976281 0.7798816019120921 0.958112889139636 0.047165303814809545 0.1727452370896917 0.9125246767943591 10.0 
