1.468245 0.803920 3.652548 4.923955 1.333255 2.073331 1.574822 -1.175353
0.955017 1.053228 3.291925 3.211637 0.469606 1.922080 0.138756 -1.368773
1.209152 0.954583 4.060885 0.383108 0.912879 1.216646 1.430245 -1.206088
0.682376 1.059847 3.341536 1.674101 0.998961 1.325706 1.481337 -2.171272
4.442855 1.482132 3.135738 1.325678 1.167650 2.174420 1.345343 -1.134164
0.767927 1.132755 3.063473 0.326785 0.579522 2.146161 1.360958 -1.917111
1.599958 0.854439 3.228039 2.870465 0.734771 1.952662 1.324370 -1.043259
0.719288 0.658784 3.287150 4.748171 0.724311 1.881360 1.556832 -3.699229
1.549335 0.819616 3.182621 0.124722 0.845501 1.893601 1.452795 -1.424742
1.811180 1.156211 3.077629 0.074147 1.571955 2.047872 2.595560 -1.206287
