0.977569 1.740850 2.423003 1.138825 2.278105 0.807292 0.693941 12.278068
1.120646 1.549613 1.116676 1.528735 2.414150 0.598357 1.502050 12.131249
0.907381 1.652861 2.088058 0.886002 1.959272 0.237243 0.173798 12.089963
0.875978 1.750097 1.653676 1.008931 2.285632 0.707184 2.767567 13.286948
0.936904 0.187584 2.618688 1.114906 1.096514 2.778817 4.117847 12.138786
0.787675 1.501437 2.041418 1.126260 2.061573 0.396123 2.518752 11.759201
0.569249 1.596983 2.106179 1.531670 1.879722 0.681970 1.147393 12.047001
0.888044 1.587960 2.037908 1.274000 1.680269 0.577126 1.479257 11.999429
1.052980 1.535499 2.154319 0.893037 1.867676 0.749732 1.575019 12.140525
0.928761 1.813558 2.117921 1.133400 2.034077 3.441276 0.512087 12.079851
