0.5605676306331968 0.5985345826621791 0.07800531535548405 0.8811871884665067 0.5624745612168974 0.01084160504088072 0.5247637583847602 2.0 
0.5605676306331968 0.5985345826621791 0.07800531535548405 0.8811871884665067 0.5624745612168974 0.01084160504088072 0.5247637583847602 2.0 
0.7765379907299935 0.08887297824663798 0.2258964761927531 0.8002036332153838 0.40800158851121004 0.8637650942129583 0.6686966405358539 1.0 
0.7765379907299935 0.08887297824663798 0.2258964761927531 0.8002036332153838 0.40800158851121004 0.8637650942129583 0.6686966405358539 1.0 
0.5605676306331968 0.5985345826621791 0.07800531535548405 0.8811871884665067 0.5624745612168974 0.01084160504088072 0.5247637583847602 2.0 
0.5605676306331968 0.5985345826621791 0.07800531535548405 0.8811871884665067 0.5624745612168974 0.01084160504088072 0.5247637583847602 2.0 
0.5605676306331968 0.5985345826621791 0.07800531535548405 0.8811871884665067 0.5624745612168974 0.01084160504088072 0.5247637583847602 2.0 
0.5605676306331968 0.5985345826621791 0.07800531535548405 0.8811871884665067 0.5624745612168974 0.01084160504088072 0.5247637583847602 2.0 
0.5605676306331968 0.5985345826621791 0.07800531535548405 0.8811871884665067 0.5624745612168974 0.01084160504088072 0.5247637583847602 2.0 
0.5605676306331968 0.5985345826621791 0.07800531535548405 0.8811871884665067 0.5624745612168974 0.01084160504088072 0.5247637583847602 2.0 
0.5605676306331968 0.5985345826621791 0.07800531535548405 0.8811871884665067 0.5624745612168974 0.01084160504088072 0.5247637583847602 2.0 
0.7765379907299935 0.08887297824663798 0.2258964761927531 0.8002036332153838 0.40800158851121004 0.8637650942129583 0.6686966405358539 1.0 
0.5605676306331968 0.5985345826621791 0.07800531535548405 0.8811871884665067 0.5624745612168974 0.01084160504088072 0.5247637583847602 2.0 
0.5605676306331968 0.5985345826621791 0.07800531535548405 0.8811871884665067 0.5624745612168974 0.01084160504088072 0.5247637583847602 2.0 
0.5605676306331968 0.5985345826621791 0.07800531535548405 0.8811871884665067 0.5624745612168974 0.01084160504088072 0.5247637583847602 2.0 
0.5605676306331968 0.5985345826621791 0.07800531535548405 0.8811871884665067 0.5624745612168974 0.01084160504088072 0.5247637583847602 2.0 
0.5605676306331968 0.5985345826621791 0.07800531535548405 0.8811871884665067 0.5624745612168974 0.01084160504088072 0.5247637583847602 2.0 
0.5605676306331968 0.5985345826621791 0.07800531535548405 0.8811871884665067 0.5624745612168974 0.01084160504088072 0.5247637583847602 2.0 
0.7765379907299935 0.08887297824663798 0.2258964761927531 0.8002036332153838 0.40800158851121004 0.8637650942129583 0.6686966405358539 1.0 
0.5605676306331968 0.5985345826621791 0.07800531535548405 0.8811871884665067 0.5624745612168974 0.01084160504088072 0.5247637583847602 2.0 
0.5605676306331968 0.5985345826621791 0.07800531535548405 0.8811871884665067 0.5624745612168974 0.01084160504088072 0.5247637583847602 2.0 
0.5605676306331968 0.5985345826621791 0.07800531535548405 0.8811871884665067 0.5624745612168974 0.01084160504088072 0.5247637583847602 2.0 
0.7765379907299935 0.08887297824663798 0.2258964761927531 0.8002036332153838 0.40800158851121004 0.8637650942129583 0.6686966405358539 1.0 
0.5605676306331968 0.5985345826621791 0.07800531535548405 0.8811871884665067 0.5624745612168974 0.01084160504088072 0.5247637583847602 2.0 
0.7765379907299935 0.08887297824663798 0.2258964761927531 0.8002036332153838 0.40800158851121004 0.8637650942129583 0.6686966405358539 1.0 
0.7765379907299935 0.08887297824663798 0.2258964761927531 0.8002036332153838 0.40800158851121004 0.8637650942129583 0.6686966405358539 1.0 
0.5605676306331968 0.5985345826621791 0.07800531535548405 0.8811871884665067 0.5624745612168974 0.01084160504088072 0.5247637583847602 2.0 
0.5605676306331968 0.5985345826621791 0.07800531535548405 0.8811871884665067 0.5624745612168974 0.01084160504088072 0.5247637583847602 2.0 
0.5605676306331968 0.5985345826621791 0.07800531535548405 0.8811871884665067 0.5624745612168974 0.01084160504088072 0.5247637583847602 2.0 
0.5605676306331968 0.5985345826621791 0.07800531535548405 0.8811871884665067 0.5624745612168974 0.01084160504088072 0.5247637583847602 2.0 
