0.7514348370633406 0.0846782869787891 0.03972946108153541 0.7847044002255646 0.9598550978883094 0.8310498108498298 0.06503409861828291 6.0 
0.7514348370633406 0.0846782869787891 0.03972946108153541 0.7847044002255646 0.9598550978883094 0.8310498108498298 0.06503409861828291 6.0 
0.7514348370633406 0.0846782869787891 0.03972946108153541 0.7847044002255646 0.9598550978883094 0.8310498108498298 0.06503409861828291 6.0 
0.7514348370633406 0.0846782869787891 0.03972946108153541 0.7847044002255646 0.9598550978883094 0.8310498108498298 0.06503409861828291 6.0 
0.4555472561323296 0.16433639090709773 0.16571856955399267 0.20157601007203763 0.8401823246426267 0.01309563575606909 0.6775286148646316 7.0 
0.7514348370633406 0.0846782869787891 0.03972946108153541 0.7847044002255646 0.9598550978883094 0.8310498108498298 0.06503409861828291 6.0 
0.7514348370633406 0.0846782869787891 0.03972946108153541 0.7847044002255646 0.9598550978883094 0.8310498108498298 0.06503409861828291 6.0 
0.7514348370633406 0.0846782869787891 0.03972946108153541 0.7847044002255646 0.9598550978883094 0.8310498108498298 0.06503409861828291 6.0 
0.7514348370633406 0.0846782869787891 0.03972946108153541 0.7847044002255646 0.9598550978883094 0.8310498108498298 0.06503409861828291 6.0 
0.7514348370633406 0.0846782869787891 0.03972946108153541 0.7847044002255646 0.9598550978883094 0.8310498108498298 0.06503409861828291 6.0 
0.7514348370633406 0.0846782869787891 0.03972946108153541 0.7847044002255646 0.9598550978883094 0.8310498108498298 0.06503409861828291 6.0 
0.7514348370633406 0.0846782869787891 0.03972946108153541 0.7847044002255646 0.9598550978883094 0.8310498108498298 0.06503409861828291 6.0 
0.22736920132303862 0.6126237878970295 0.024334623877480865 0.783492010523204 0.2809872191409909 0.2047863244453214 0.5810550030028265 10.0 
0.7514348370633406 0.0846782869787891 0.03972946108153541 0.7847044002255646 0.9598550978883094 0.8310498108498298 0.06503409861828291 6.0 
0.7514348370633406 0.0846782869787891 0.03972946108153541 0.7847044002255646 0.9598550978883094 0.8310498108498298 0.06503409861828291 6.0 
0.7514348370633406 0.0846782869787891 0.03972946108153541 0.7847044002255646 0.9598550978883094 0.8310498108498298 0.06503409861828291 6.0 
0.7514348370633406 0.0846782869787891 0.03972946108153541 0.7847044002255646 0.9598550978883094 0.8310498108498298 0.06503409861828291 6.0 
0.7514348370633406 0.0846782869787891 0.03972946108153541 0.7847044002255646 0.9598550978883094 0.8310498108498298 0.06503409861828291 6.0 
0.7514348370633406 0.0846782869787891 0.03972946108153541 0.7847044002255646 0.9598550978883094 0.8310498108498298 0.06503409861828291 6.0 
0.7514348370633406 0.0846782869787891 0.03972946108153541 0.7847044002255646 0.9598550978883094 0.8310498108498298 0.06503409861828291 6.0 
0.7514348370633406 0.0846782869787891 0.03972946108153541 0.7847044002255646 0.9598550978883094 0.8310498108498298 0.06503409861828291 6.0 
0.7514348370633406 0.0846782869787891 0.03972946108153541 0.7847044002255646 0.9598550978883094 0.8310498108498298 0.06503409861828291 6.0 
0.7514348370633406 0.0846782869787891 0.03972946108153541 0.7847044002255646 0.9598550978883094 0.8310498108498298 0.06503409861828291 6.0 
0.7514348370633406 0.0846782869787891 0.03972946108153541 0.7847044002255646 0.9598550978883094 0.8310498108498298 0.06503409861828291 6.0 
0.7514348370633406 0.0846782869787891 0.03972946108153541 0.7847044002255646 0.9598550978883094 0.8310498108498298 0.06503409861828291 6.0 
0.7514348370633406 0.0846782869787891 0.03972946108153541 0.7847044002255646 0.9598550978883094 0.8310498108498298 0.06503409861828291 6.0 
0.7514348370633406 0.0846782869787891 0.03972946108153541 0.7847044002255646 0.9598550978883094 0.8310498108498298 0.06503409861828291 6.0 
0.7514348370633406 0.0846782869787891 0.03972946108153541 0.7847044002255646 0.9598550978883094 0.8310498108498298 0.06503409861828291 6.0 
0.4555472561323296 0.16433639090709773 0.16571856955399267 0.20157601007203763 0.8401823246426267 0.01309563575606909 0.6775286148646316 7.0 
0.7514348370633406 0.0846782869787891 0.03972946108153541 0.7847044002255646 0.9598550978883094 0.8310498108498298 0.06503409861828291 6.0 
