0.05058116752343822 0.28768258828927074 0.008607814470110053 0.11678733114168582 0.24819133506430824 0.11870448142884138 0.12310642641694458 1.0194443110131532 
0.05058116752343822 0.28768258828927074 0.008607814470110053 0.11678733114168582 0.24819133506430824 0.11870448142884138 0.12310642641694458 1.0194443110131532 
0.05058116752343822 0.28768258828927074 0.008607814470110053 0.11678733114168582 0.24819133506430824 0.11870448142884138 0.12310642641694458 1.0194443110131532 
0.05058116752343822 0.28768258828927074 0.008607814470110053 0.11678733114168582 0.24819133506430824 0.11870448142884138 0.12310642641694458 1.0194443110131532 
0.05058116752343822 0.28768258828927074 0.008607814470110053 0.11678733114168582 0.24819133506430824 0.11870448142884138 0.12310642641694458 1.0194443110131532 
0.05058116752343822 0.28768258828927074 0.008607814470110053 0.11678733114168582 0.24819133506430824 0.11870448142884138 0.12310642641694458 1.0194443110131532 
0.05058116752343822 0.230620783201681 0.008607814470110053 0.11678733114168582 0.24819133506430824 0.11870448142884138 0.03236912099517952 1.6674433398210415 
0.05058116752343822 0.230620783201681 0.008607814470110053 0.11678733114168582 0.24819133506430824 0.11870448142884138 0.03236912099517952 1.6674433398210415 
0.05058116752343822 0.230620783201681 0.008607814470110053 0.11678733114168582 0.24819133506430824 0.11870448142884138 0.03236912099517952 1.6674433398210415 
0.05058116752343822 0.230620783201681 0.008607814470110053 0.11678733114168582 0.24819133506430824 0.11870448142884138 0.03236912099517952 1.6674433398210415 
0.05058116752343822 0.230620783201681 0.008607814470110053 0.11678733114168582 0.24819133506430824 0.11870448142884138 0.03236912099517952 1.6674433398210415 
0.05058116752343822 0.230620783201681 0.008607814470110053 0.11678733114168582 0.24819133506430824 0.11870448142884138 0.03236912099517952 1.6674433398210415 
0.05058116752343822 0.230620783201681 0.008607814470110053 0.11678733114168582 0.24819133506430824 0.11870448142884138 0.03236912099517952 1.6674433398210415 
0.05058116752343822 0.230620783201681 0.008607814470110053 0.11678733114168582 0.44987021369646774 0.6244285058518992 0.575444490632528 2.120809986644299 
0.05058116752343822 0.15155282617819965 0.08202201157717792 0.11678733114168582 0.44987021369646774 0.2943191193726562 0.575444490632528 1.4266228129038883 
0.21513552860240703 0.15155282617819965 0.08202201157717792 0.11678733114168582 0.25698716966391355 0.12545914894290688 0.575444490632528 1.4266228129038883 
0.21513552860240703 0.15155282617819965 0.08202201157717792 0.11678733114168582 0.25698716966391355 0.12545914894290688 0.575444490632528 1.4266228129038883 
0.21513552860240703 0.15155282617819965 0.08202201157717792 0.11678733114168582 0.25698716966391355 0.12545914894290688 0.575444490632528 1.4266228129038883 
0.21513552860240703 0.4011946402644814 0.08202201157717792 0.15025186573306715 0.25698716966391355 0.12545914894290688 0.2380238803754806 1.4266228129038883 
0.21513552860240703 0.4261842515058596 0.08202201157717792 0.15025186573306715 0.20588406353857847 0.07902659277484836 0.2380238803754806 1.4266228129038883 
0.21513552860240703 0.4261842515058596 0.08202201157717792 0.15025186573306715 0.20588406353857847 0.07902659277484836 0.2380238803754806 1.4266228129038883 
