0.28578348159571176 2.0576598644881687 0.5740942908044911 0.9938937604618258 0.28303929313763376 2.6799652290385967 0.29888737065064763 8.0 10.0 0.0 -10.0 -4.0 28.0 -9.0 4.0 
0.28578348159571176 0.8632091042794867 0.5740942908044911 1.35682058341277 0.28303929313763376 2.6799652290385967 0.29888737065064763 16.0 -7.0 0.0 2.0 6.0 28.0 6.0 4.0 
0.28578348159571176 0.8632091042794867 0.5740942908044911 1.35682058341277 0.9934865898565223 0.48595332784033746 1.5850949442959659 16.0 -7.0 0.0 2.0 6.0 25.0 6.0 4.0 
3.7339244381366696 0.42621686317519447 2.259334975797153 0.29439339275995763 1.2209605460636666 0.046633951175733455 1.4192609239255116 22.0 19.0 15.0 25.0 6.0 7.0 -4.0 23.0 
2.878931772821556 2.2650291135233136 0.1695653787030641 0.20765403510387623 3.6459043427983855 0.3846858792275076 0.9621879856546252 -1.0 11.0 -2.0 29.0 15.0 27.0 1.0 19.0 
0.25480888511233635 1.6313115388243427 1.867818216967453 0.03606315443265687 0.44320446306692307 2.084351565515711 1.219929966374834 6.0 7.0 9.0 14.0 3.0 23.0 -3.0 -10.0 
2.9562773427738622 1.1259136041680289 0.7336696547198646 1.1800075334163895 1.1955027881003357 2.183326784110947 0.8953382392673517 18.0 1.0 19.0 29.0 24.0 26.0 11.0 10.0 
0.2344899781074292 1.9694594829405698 0.6703525790423309 1.657325549242814 1.4089772023865732 1.8550098492127025 1.993804512612435 18.0 6.0 -7.0 19.0 7.0 23.0 28.0 10.0 
0.7636327110678665 1.353089589622145 0.9863139429281438 0.3530759469184362 1.4089772023865732 0.7753867419868161 0.8260336919238535 21.0 12.0 3.0 18.0 24.0 9.0 4.0 16.0 
4.709748319090233 1.353089589622145 0.7717193646209088 0.3530759469184362 0.8931829510133497 0.7556473261600929 0.9431026297582192 13.0 10.0 17.0 -5.0 6.0 2.0 8.0 15.0 
1.133913177011175 3.136127680075609 1.2553758482301238 0.8437631008484394 2.7201284388159492 0.9771114930857714 2.588788011557015 8.0 -10.0 21.0 3.0 6.0 25.0 -4.0 4.0 
1.133913177011175 1.262703734571083 1.5075490194175978 0.10746632100334594 0.703600571775012 2.601064219899139 0.9431026297582192 10.0 2.0 20.0 29.0 -6.0 24.0 3.0 8.0 
2.7286973711840896 1.4549707503234774 0.9156546266760359 1.0266475111488482 1.9160581100502012 2.1247940271420345 0.5004329320682165 -1.0 6.0 9.0 23.0 7.0 17.0 21.0 -6.0 
0.5194162628213587 0.7657242865222103 0.7623923540182458 0.8096424695513817 1.994591772598535 0.715808064910787 3.4026391236117846 23.0 16.0 -4.0 -2.0 6.0 17.0 14.0 -5.0 
3.375977709146324 0.6432211224892839 0.18710017222399924 0.20110169667241573 0.7631941478249353 2.017734310669473 0.7488787471557656 2.0 10.0 7.0 -5.0 25.0 -4.0 29.0 22.0 
0.5723875585191112 0.6432211224892839 0.22768055342545573 1.1687454591795716 0.6528372507972044 3.4673711291812714 0.24676763808929714 8.0 9.0 -5.0 25.0 21.0 -3.0 -7.0 28.0 
0.5723875585191112 0.1661557133436533 0.22768055342545573 1.1778539654609328 0.6528372507972044 0.37907050806638004 3.069481114233047 19.0 5.0 29.0 20.0 -2.0 25.0 -6.0 10.0 
0.5723875585191112 1.046890388363007 1.874826687143926 1.2536130471330054 0.6528372507972044 0.37907050806638004 1.790694296251972 23.0 5.0 7.0 24.0 25.0 -6.0 7.0 4.0 
2.5077081220304485 3.581046863538112 2.031601924110338 0.9871161934563938 0.6647675181077911 1.8582497240158409 0.5418203590726757 1.0 23.0 -7.0 -9.0 20.0 -8.0 -1.0 13.0 
1.8339036855851223 0.5494026986956788 2.031601924110338 1.551862626542759 1.283304851791117 0.24542997327175048 2.1934522838733215 -1.0 29.0 0.0 29.0 12.0 12.0 5.0 5.0 
0.13002603661634718 1.737518735601038 1.3858854222583707 2.100220018827043 0.2678757178309632 1.325343345763441 1.2892197597814445 29.0 29.0 28.0 14.0 12.0 20.0 -5.0 5.0 
2.4480701065061465 0.13770068691150286 2.0419338348710103 1.611856126658688 0.9984627701504581 2.7579856742249156 0.2572588007995765 15.0 -2.0 10.0 -5.0 10.0 -9.0 15.0 -5.0 
0.7298890391918545 2.3234364790109416 2.2930635391791783 0.4308218781167058 1.3036424814089083 1.1666229083126414 0.024648774239886085 16.0 20.0 16.0 -2.0 23.0 3.0 -1.0 24.0 
2.1201421132875224 2.9030678890515347 0.9425080356145267 0.4308218781167058 0.3138244210960258 0.8266225376013738 1.0014493725257754 11.0 8.0 25.0 -8.0 22.0 29.0 28.0 -6.0 
2.1201421132875224 2.9030678890515347 0.9425080356145267 0.4308218781167058 0.3138244210960258 0.8266225376013738 1.0014493725257754 11.0 8.0 25.0 -8.0 22.0 29.0 28.0 -6.0 
2.3345490403352063 0.6302583304459709 0.8390273290322408 1.025590256447713 2.4640762683012145 0.8266225376013738 1.0014493725257754 24.0 3.0 4.0 -4.0 22.0 5.0 28.0 -6.0 
1.0826640083670327 0.7843658102562782 2.798520061225735 0.5292700484088689 0.8737056096747721 0.22743370719958614 1.6196064266630674 12.0 25.0 -2.0 -4.0 6.0 28.0 5.0 20.0 
2.1901044507221936 0.3011486707602797 2.1519262849104694 0.5292700484088689 1.2378697472926008 1.3297448129174885 2.7130665351090753 27.0 2.0 11.0 25.0 -7.0 12.0 15.0 3.0 
0.6704583795591093 1.969693341351697 2.617680850464166 2.2502371427553203 0.4374474857523454 0.6561440490965907 3.188275546441321 -5.0 -1.0 10.0 1.0 5.0 -7.0 22.0 -6.0 
1.6044891824963554 0.9762151073585724 2.029261723493804 2.2010251450553624 0.6217626825811213 1.4813096373926975 0.6313916024678686 11.0 6.0 18.0 1.0 27.0 11.0 -9.0 24.0 
0.709565752196974 2.721115989638166 0.3606947870467933 1.9903760803224135 0.9769569727188818 0.27685395127301055 0.3324001302273727 15.0 -6.0 -9.0 21.0 20.0 -10.0 14.0 -7.0 
0.7190979967981361 0.3243064630759127 0.8833108305879296 0.8023572859317238 0.5421800047889351 0.5896969992553834 0.5850923407851848 3.0 4.0 4.0 6.0 8.0 6.0 3.0 3.0 
0.5 0.1 0.1 0.5 0.1 0.1 0.8 15.0 15.0 15.0 15.0 15.0 15.0 15.0 15.0 
0.5 0.1 0.1 0.5 0.1 0.1 0.8 15.0 15.0 15.0 15.0 15.0 15.0 15.0 15.0 
0.5 0.1 0.1 0.5 0.1 0.1 0.8 15.0 15.0 15.0 15.0 15.0 15.0 15.0 15.0 
0.5 0.1 0.1 0.5 0.1 0.1 0.8 15.0 15.0 15.0 15.0 15.0 15.0 15.0 15.0 
0.5 0.1 0.1 0.5 0.1 0.1 0.8 15.0 15.0 15.0 15.0 15.0 15.0 15.0 15.0 
0.5 0.1 0.1 0.5 0.1 0.1 0.8 15.0 15.0 15.0 15.0 15.0 15.0 15.0 15.0 
0.5 0.1 0.1 0.5 0.1 0.1 0.8 15.0 15.0 15.0 15.0 15.0 15.0 15.0 15.0 
0.5 0.1 0.1 0.5 0.1 0.1 0.8 15.0 15.0 15.0 15.0 15.0 15.0 15.0 15.0 
0.5 0.1 0.1 0.5 0.1 0.1 0.8 15.0 15.0 15.0 15.0 15.0 15.0 15.0 15.0 
0.5 0.1 0.1 0.5 0.1 0.1 0.8 15.0 15.0 15.0 15.0 15.0 15.0 15.0 15.0 
0.5 0.1 0.1 0.5 0.1 0.1 0.8 15.0 15.0 15.0 15.0 15.0 15.0 15.0 15.0 
1.5374717388713637 4.871719799887256 0.9321212420455472 3.8186726794163763 0.4061685133875728 3.4012588772325785 0.8407497479237926 29.0 -10.0 -4.0 20.0 25.0 -8.0 1.0 4.0 
0.40659824748964846 0.8890960918438411 0.31975016214968377 0.389612752548694 0.5992253541497403 0.4775016867850903 0.5176421426100375 0.24846386339431903 0.26900957166078754 0.9371872715581618 0.6675121827189557 0.6194094417905391 2.0 6.0 6.0 
0.40659824748964846 0.8890960918438411 0.31975016214968377 0.389612752548694 0.5992253541497403 0.4775016867850903 0.5176421426100375 0.24846386339431903 0.26900957166078754 0.9371872715581618 0.6675121827189557 0.6194094417905391 2.0 6.0 6.0 
