0.9042818384241851 0.5362178876290143 0.1439082845590529 0.27373494129038867 0.3584190986200668 0.1 0.478542195622502 0.0 
0.5462137287535995 0.740058753752545 0.1439082845590529 0.27373494129038867 0.3584190986200668 0.1 0.478542195622502 -0.33610345982851 
0.17700635364363682 0.09856313613377488 0.29534008419375946 0.6804391095078057 0.20168099729824496 0.3331382339211211 0.478542195622502 -0.2760704637473217 
0.17700635364363682 0.09856313613377488 0.29534008419375946 0.6804391095078057 0.20168099729824496 0.3331382339211211 0.478542195622502 -0.2760704637473217 
0.005127167655542442 0.14550170413409091 0.6486511227209772 0.20881008476803786 0.47873251459992416 0.5359114635591855 0.5796099103048971 0.3035337169539256 
0.2868124246459587 0.23361050850025689 0.08293182331114424 0.13035423057044704 0.5649186519541487 0.5359114635591855 0.5796099103048971 0.4186255760452302 
0.2868124246459587 0.23361050850025689 0.08293182331114424 0.13035423057044704 0.5649186519541487 0.5359114635591855 0.5796099103048971 0.4186255760452302 
0.26569467409158976 0.23361050850025689 0.08293182331114424 0.4533066077245602 0.5649186519541487 0.105139091916167 0.5796099103048971 0.604382937367109 
0.26569467409158976 0.23361050850025689 0.08293182331114424 0.4999192405599251 0.2717035793059541 0.105139091916167 0.5796099103048971 0.26807698960920945 
0.26569467409158976 0.09694885224234095 0.08293182331114424 0.4533066077245602 0.5649186519541487 0.28832128607344676 0.5796099103048971 0.10914876446736366 
0.26569467409158976 0.23361050850025689 0.08293182331114424 0.4533066077245602 0.5649186519541487 0.41726444252529316 0.5796099103048971 0.2914712216795885 
0.26569467409158976 0.23361050850025689 0.08293182331114424 0.4533066077245602 0.5649186519541487 0.41726444252529316 0.48233199672843674 -0.26203218051820243 
0.02434273974004264 0.14287984564928857 0.08293182331114424 0.43912797259072933 0.36208740424957275 0.41726444252529316 0.48233199672843674 -0.26203218051820243 
0.19164412860664792 0.11940617077751337 0.10885827902115297 0.4533066077245602 0.6555699729419886 0.6935709001546877 0.2359747717096221 -0.5959458459103291 
0.12951513385787639 0.0999859543820345 0.5748987015386802 0.9546181662653546 0.3389685847937791 0.028063543206655828 0.14408540323588626 -0.4756735606714395 
0.028189327075866855 0.36673907511792025 0.7943476338120499 0.3852783100447299 0.3008715218008069 0.28495234076347375 1.0082390060952837 0.21777553876207523 
0.47274214092165745 0.7307657120015318 0.14725448276451658 0.38324007782902814 0.2651232652733877 0.39805154769470596 0.6590218500436347 0.21777553876207523 
0.3285724826124008 0.5733942385824085 0.177228339433813 0.38324007782902814 0.2651232652733877 0.39805154769470596 0.42341904898883653 0.21777553876207523 
0.3285724826124008 0.31119736678572085 0.5182420625681088 0.21692587025879595 0.11318849322608093 0.024442231908232248 0.1465569930099453 0.21777553876207523 
0.3285724826124008 0.31119736678572085 0.12775608906490898 0.07890467067720697 0.20492974628170946 0.12772020703938702 0.42341904898883653 -0.024666714867266126 
0.3285724826124008 0.31119736678572085 0.12775608906490898 0.07890467067720697 0.20492974628170946 0.12772020703938702 0.42341904898883653 -0.024666714867266126 
0.3285724826124008 0.31119736678572085 0.12775608906490898 0.07890467067720697 0.20492974628170946 0.12772020703938702 0.42341904898883653 -0.024666714867266126 
0.3285724826124008 0.2835290290853847 0.12775608906490898 0.07890467067720697 0.02389694919258467 0.12772020703938702 0.42341904898883653 -0.14795320133195977 
0.3285724826124008 0.2835290290853847 0.12775608906490898 0.07890467067720697 0.02389694919258467 0.12772020703938702 0.42341904898883653 -0.14795320133195977 
0.3285724826124008 0.2835290290853847 0.12775608906490898 0.07890467067720697 0.02389694919258467 0.12772020703938702 0.42341904898883653 -0.14795320133195977 
0.3285724826124008 0.2835290290853847 0.12775608906490898 0.07890467067720697 0.02389694919258467 0.12772020703938702 0.42341904898883653 -0.14795320133195977 
0.3285724826124008 0.2835290290853847 0.12775608906490898 0.07890467067720697 0.02389694919258467 0.12772020703938702 0.42341904898883653 -0.14795320133195977 
0.3285724826124008 0.2835290290853847 0.12775608906490898 0.07890467067720697 0.02389694919258467 0.12772020703938702 0.42341904898883653 -0.14795320133195977 
0.3285724826124008 0.2835290290853847 0.12775608906490898 0.07890467067720697 0.02389694919258467 0.12772020703938702 0.42341904898883653 -0.14795320133195977 
0.3285724826124008 0.2835290290853847 0.12775608906490898 0.07890467067720697 0.02389694919258467 0.12772020703938702 0.42341904898883653 -0.14795320133195977 
0.3285724826124008 0.2835290290853847 0.12775608906490898 0.28393875747807296 0.02389694919258467 0.12772020703938702 0.14271225232113038 -0.14795320133195977 
0.3285724826124008 0.2835290290853847 0.12775608906490898 0.28393875747807296 0.02389694919258467 0.12772020703938702 0.14271225232113038 -0.14795320133195977 
0.3285724826124008 0.2835290290853847 0.12775608906490898 0.28393875747807296 0.02389694919258467 0.12772020703938702 0.14271225232113038 -0.14795320133195977 
0.3285724826124008 0.2835290290853847 0.12775608906490898 0.28393875747807296 0.02389694919258467 0.12772020703938702 0.14271225232113038 -0.14795320133195977 
0.3285724826124008 0.2835290290853847 0.12775608906490898 0.28393875747807296 0.02389694919258467 0.12772020703938702 0.14271225232113038 -0.14795320133195977 
0.3285724826124008 0.2835290290853847 0.12775608906490898 0.28393875747807296 0.02389694919258467 0.12772020703938702 0.14271225232113038 -0.14795320133195977 
0.3285724826124008 0.2835290290853847 0.12775608906490898 0.28393875747807296 0.02389694919258467 0.12772020703938702 0.14271225232113038 -0.14795320133195977 
0.07837223661218773 0.015719310484824778 0.12775608906490898 0.28147726062019296 0.02389694919258467 0.12772020703938702 0.14271225232113038 -0.14795320133195977 
0.07837223661218773 0.015719310484824778 0.12775608906490898 0.28147726062019296 0.02389694919258467 0.12772020703938702 0.14271225232113038 -0.14795320133195977 
0.07837223661218773 0.015719310484824778 0.12775608906490898 0.28147726062019296 0.02389694919258467 0.12772020703938702 0.14271225232113038 -0.14795320133195977 
0.07837223661218773 0.015719310484824778 0.12775608906490898 0.28147726062019296 0.02389694919258467 0.12772020703938702 0.14271225232113038 -0.14795320133195977 
0.07837223661218773 0.015719310484824778 0.12775608906490898 0.28147726062019296 0.02389694919258467 0.12772020703938702 0.14271225232113038 -0.14795320133195977 
0.07837223661218773 0.015719310484824778 0.12775608906490898 0.28147726062019296 0.02389694919258467 0.12772020703938702 0.14271225232113038 -0.14795320133195977 
0.07837223661218773 0.015719310484824778 0.12775608906490898 0.28147726062019296 0.02389694919258467 0.12772020703938702 0.14271225232113038 -0.14795320133195977 
0.07837223661218773 0.015719310484824778 0.12775608906490898 0.28147726062019296 0.02389694919258467 0.12772020703938702 0.14271225232113038 -0.14795320133195977 
0.14538595084558792 0.015719310484824778 0.12775608906490898 0.28147726062019296 0.02389694919258467 0.12772020703938702 0.14271225232113038 0.06025744318111692 
0.14538595084558792 0.015719310484824778 0.12775608906490898 0.28147726062019296 0.02389694919258467 0.12772020703938702 0.14271225232113038 0.06025744318111692 
0.14538595084558792 0.015719310484824778 0.12775608906490898 0.28147726062019296 0.02389694919258467 0.12772020703938702 0.14271225232113038 0.06025744318111692 
0.14538595084558792 0.015719310484824778 0.12775608906490898 0.28147726062019296 0.02389694919258467 0.12772020703938702 0.14271225232113038 0.06025744318111692 
0.14538595084558792 0.015719310484824778 0.12775608906490898 0.28147726062019296 0.02389694919258467 0.12772020703938702 0.14271225232113038 0.06025744318111692 
0.14538595084558792 0.015719310484824778 0.12775608906490898 0.28147726062019296 0.02389694919258467 0.12772020703938702 0.14271225232113038 0.06025744318111692 
0.14538595084558792 0.049895055392415566 0.12775608906490898 0.02802890309597106 0.0885085305468285 0.11240973560627188 0.14271225232113038 -0.21203795324461794 
0.14538595084558792 0.015719310484824778 0.12775608906490898 0.28147726062019296 0.02389694919258467 0.12772020703938702 0.14271225232113038 0.06025744318111692 
0.14538595084558792 0.015719310484824778 0.12775608906490898 0.28147726062019296 0.02389694919258467 0.12772020703938702 0.14271225232113038 0.06025744318111692 
0.14538595084558792 0.015719310484824778 0.12775608906490898 0.28147726062019296 0.02389694919258467 0.12772020703938702 0.14271225232113038 0.06025744318111692 
0.14538595084558792 0.015719310484824778 0.12775608906490898 0.28147726062019296 0.02389694919258467 0.12772020703938702 0.14271225232113038 0.06025744318111692 
0.14538595084558792 0.015719310484824778 0.12775608906490898 0.28147726062019296 0.02389694919258467 0.12772020703938702 0.14271225232113038 0.06025744318111692 
0.14538595084558792 0.015719310484824778 0.12775608906490898 0.28147726062019296 0.02389694919258467 0.12772020703938702 0.14271225232113038 0.06025744318111692 
0.14538595084558792 0.015719310484824778 0.12775608906490898 0.28147726062019296 0.02389694919258467 0.12772020703938702 0.14271225232113038 0.06025744318111692 
0.14538595084558792 0.015719310484824778 0.12775608906490898 0.28147726062019296 0.02389694919258467 0.12772020703938702 0.14271225232113038 0.06025744318111692 
0.14538595084558792 0.015719310484824778 0.12775608906490898 0.28147726062019296 0.02389694919258467 0.12772020703938702 0.14271225232113038 0.06025744318111692 
0.14538595084558792 0.015719310484824778 0.12775608906490898 0.28147726062019296 0.02389694919258467 0.12772020703938702 0.14271225232113038 0.06025744318111692 
0.14538595084558792 0.015719310484824778 0.12775608906490898 0.28147726062019296 0.02389694919258467 0.12772020703938702 0.14271225232113038 0.06025744318111692 
0.14538595084558792 0.015719310484824778 0.12775608906490898 0.28147726062019296 0.02389694919258467 0.12772020703938702 0.08749582356356855 0.08730011963016815 
0.14538595084558792 0.015719310484824778 0.12775608906490898 0.28147726062019296 0.02389694919258467 0.12772020703938702 0.08749582356356855 0.08730011963016815 
0.14538595084558792 0.015719310484824778 0.12775608906490898 0.28147726062019296 0.02389694919258467 0.12772020703938702 0.08749582356356855 0.08730011963016815 
0.14538595084558792 0.015719310484824778 0.12775608906490898 0.28147726062019296 0.02389694919258467 0.12772020703938702 0.08749582356356855 0.08730011963016815 
0.14538595084558792 0.015719310484824778 0.12775608906490898 0.28147726062019296 0.02389694919258467 0.12772020703938702 0.08749582356356855 0.08730011963016815 
0.14538595084558792 0.015719310484824778 0.12775608906490898 0.28147726062019296 0.02389694919258467 0.12772020703938702 0.08749582356356855 0.08730011963016815 
0.14538595084558792 0.015719310484824778 0.12775608906490898 0.28147726062019296 0.02389694919258467 0.12772020703938702 0.08749582356356855 0.08730011963016815 
0.14538595084558792 0.015719310484824778 0.12775608906490898 0.28147726062019296 0.02389694919258467 0.12772020703938702 0.08749582356356855 0.08730011963016815 
0.14538595084558792 0.015719310484824778 0.12775608906490898 0.28147726062019296 0.02389694919258467 0.12772020703938702 0.08749582356356855 0.08730011963016815 
0.14538595084558792 0.015719310484824778 0.12775608906490898 0.28147726062019296 0.02389694919258467 0.12772020703938702 0.08749582356356855 0.08730011963016815 
0.14538595084558792 0.015719310484824778 0.12775608906490898 0.28147726062019296 0.02389694919258467 0.12772020703938702 0.08749582356356855 0.08730011963016815 
0.14538595084558792 0.015719310484824778 0.12775608906490898 0.28147726062019296 0.02389694919258467 0.12772020703938702 0.08749582356356855 0.08730011963016815 
0.14538595084558792 0.015719310484824778 0.12775608906490898 0.28147726062019296 0.02389694919258467 0.12772020703938702 0.08749582356356855 0.08730011963016815 
0.14538595084558792 0.015719310484824778 0.12775608906490898 0.28147726062019296 0.02389694919258467 0.12772020703938702 0.08749582356356855 0.08730011963016815 
0.14538595084558792 0.015719310484824778 0.12775608906490898 0.28147726062019296 0.02389694919258467 0.12772020703938702 0.08749582356356855 0.08730011963016815 
0.14538595084558792 0.015719310484824778 0.12775608906490898 0.28147726062019296 0.02389694919258467 0.12772020703938702 0.08749582356356855 0.08730011963016815 
0.01639153776751323 0.015719310484824778 0.12775608906490898 0.28147726062019296 0.02389694919258467 0.12772020703938702 0.08749582356356855 -0.16777131974845383 
0.01639153776751323 0.015719310484824778 0.12775608906490898 0.28147726062019296 0.02389694919258467 0.12772020703938702 0.08749582356356855 -0.16777131974845383 
0.01639153776751323 0.015719310484824778 0.12775608906490898 0.28147726062019296 0.02389694919258467 0.12772020703938702 0.08749582356356855 -0.16777131974845383 
0.01639153776751323 0.015719310484824778 0.12775608906490898 0.28147726062019296 0.02389694919258467 0.12772020703938702 0.08749582356356855 -0.16777131974845383 
0.05364348917719264 0.015719310484824778 0.12775608906490898 0.28147726062019296 0.02389694919258467 0.12772020703938702 0.08749582356356855 0.1515007686118568 
0.05364348917719264 0.015719310484824778 0.12775608906490898 0.28147726062019296 0.02389694919258467 0.12772020703938702 0.08749582356356855 0.1515007686118568 
0.05364348917719264 0.015719310484824778 0.12775608906490898 0.28147726062019296 0.02389694919258467 0.12772020703938702 0.08749582356356855 0.1515007686118568 
0.05364348917719264 0.015719310484824778 0.12775608906490898 0.28147726062019296 0.02389694919258467 0.12772020703938702 0.08749582356356855 0.1515007686118568 
0.05364348917719264 0.015719310484824778 0.12775608906490898 0.28147726062019296 0.02389694919258467 0.12772020703938702 0.08749582356356855 0.1515007686118568 
0.05364348917719264 0.015719310484824778 0.12775608906490898 0.28147726062019296 0.02389694919258467 0.12772020703938702 0.08749582356356855 0.1515007686118568 
0.05364348917719264 0.015719310484824778 0.12775608906490898 0.28147726062019296 0.02389694919258467 0.12772020703938702 0.08749582356356855 0.1515007686118568 
0.05364348917719264 0.015719310484824778 0.12775608906490898 0.28147726062019296 0.02389694919258467 0.12772020703938702 0.08749582356356855 0.1515007686118568 
0.05364348917719264 0.015719310484824778 0.12775608906490898 0.28147726062019296 0.02389694919258467 0.12772020703938702 0.08749582356356855 0.1515007686118568 
0.05364348917719264 0.015719310484824778 0.12775608906490898 0.28147726062019296 0.02389694919258467 0.12772020703938702 0.08749582356356855 0.1515007686118568 
0.05364348917719264 0.015719310484824778 0.12775608906490898 0.28147726062019296 0.02389694919258467 0.12772020703938702 0.08749582356356855 0.1515007686118568 
0.05364348917719264 0.015719310484824778 0.12775608906490898 0.28147726062019296 0.02389694919258467 0.12772020703938702 0.08749582356356855 0.1515007686118568 
0.05364348917719264 0.015719310484824778 0.12775608906490898 0.28147726062019296 0.02389694919258467 0.12772020703938702 0.08749582356356855 0.1515007686118568 
0.05364348917719264 0.015719310484824778 0.12775608906490898 0.28147726062019296 0.02389694919258467 0.12772020703938702 0.08749582356356855 0.1515007686118568 
0.05364348917719264 0.015719310484824778 0.12775608906490898 0.28147726062019296 0.02389694919258467 0.12772020703938702 0.08749582356356855 0.1515007686118568 
0.34241349088295236 0.015719310484824778 0.12775608906490898 0.28147726062019296 0.1994965729432714 0.47265246709825215 0.17652678341881112 0.1637184735923487 
0.29784942636913514 0.2748065261910497 0.12775608906490898 0.437672589301338 0.1994965729432714 0.2874421403670233 0.5467753150805388 0.15296080011101476 
0.29784942636913514 0.2748065261910497 0.16140106268060272 0.32311950149278246 0.11873563966132972 0.11751048684264243 0.5467753150805388 -0.6346121588563369 
0.29784942636913514 0.2748065261910497 0.16140106268060272 0.32311950149278246 0.11873563966132972 0.11751048684264243 0.5467753150805388 -0.6346121588563369 
0.2849558597179216 0.6058453578562797 0.8562447324930798 0.28739029912152436 0.3540609357034745 0.11751048684264243 0.5467753150805388 -0.7814152247189365 
0.2849558597179216 0.6058453578562797 0.8562447324930798 0.28739029912152436 0.3540609357034745 0.5256948936871642 0.15086184187933283 -0.9120909049791184 
0.2849558597179216 0.6058453578562797 0.8562447324930798 0.31795811859962286 0.3540609357034745 0.20582167354003889 0.3156094213112861 -0.9120909049791184 
0.2849558597179216 0.6058453578562797 0.6840246290263166 0.31795811859962286 0.1391538528633418 0.20582167354003889 0.3402140630482404 -1.0829675673759769 
0.2849558597179216 0.6058453578562797 0.6840246290263166 0.31795811859962286 0.1391538528633418 0.3282093443274303 0.17380063781800303 0.9234368514521933 
0.2849558597179216 0.244875763017516 0.43948064143097376 0.34795053644631324 0.40929790385672127 0.027731691639099054 0.3790873568983062 0.6444716257249128 
0.2849558597179216 0.244875763017516 0.43948064143097376 0.34795053644631324 0.40929790385672127 0.027731691639099054 0.3790873568983062 0.6444716257249128 
0.2849558597179216 0.244875763017516 0.43948064143097376 0.05294919778633245 0.4613097681085905 0.3019576545885849 0.12305042947304345 -0.40106008246778657 
0.01821074637651221 0.4419220031662745 0.43948064143097376 0.05294919778633245 0.2187225695042867 0.28888729759857235 0.3790873568983062 1.1213637373388605 
0.1741231202994462 0.2057825559544375 0.10431263351723885 0.05294919778633245 0.2467568246561198 0.28888729759857235 0.3790873568983062 -0.4177992803632449 
0.1741231202994462 0.2057825559544375 0.10431263351723885 0.05294919778633245 0.2467568246561198 0.28888729759857235 0.3790873568983062 -0.4177992803632449 
0.1741231202994462 0.2057825559544375 0.2939284639327697 0.04008014670357973 0.5940942509784428 0.4070983673008135 0.3790873568983062 0.2952944928166612 
0.1741231202994462 0.2057825559544375 0.31792217776734244 0.33941090001952234 0.5399621196322684 0.6505172516865263 0.13313574139129392 0.24096344751800847 
0.1741231202994462 0.976724093107108 0.3061519247898752 0.33941090001952234 0.2640142476819831 0.4070983673008135 0.3956939923178808 1.9585939314600296 
0.01536063780081598 0.022823054223620076 0.23362173804634834 0.7567689292781182 0.5448589689579282 0.2941760712468895 0.508206524952802 -0.6547777935720269 
0.2708634714579172 0.3625499386017752 0.1824106881035683 0.5115676777019217 0.5448589689579282 0.5093834065567315 0.508206524952802 0.4455334403960509 
0.3901345133988243 0.3625499386017752 0.56978660299394 0.5115676777019217 0.5756061060470408 0.379313729753453 0.508206524952802 0.6364138082153326 
0.3901345133988243 0.3625499386017752 0.3717357481810937 0.17231484592113355 0.5274052618673004 0.379313729753453 0.6757107429122811 -0.0033378172156375285 
0.11040910941591364 0.13789654457836797 0.2954410195258599 0.17231484592113355 0.09877895132189907 0.3010855398039467 0.6757107429122811 0.239269419504488 
0.11040910941591364 0.13789654457836797 0.2954410195258599 0.17231484592113355 0.09877895132189907 0.3010855398039467 0.6757107429122811 0.239269419504488 
0.11040910941591364 0.13789654457836797 0.2954410195258599 0.17231484592113355 0.09877895132189907 0.22783429044820647 0.14242938110723546 0.23540198574832716 
0.11040910941591364 0.13789654457836797 0.2954410195258599 0.17231484592113355 0.09877895132189907 0.22783429044820647 0.14242938110723546 0.23540198574832716 
0.11040910941591364 0.13789654457836797 0.2954410195258599 0.17231484592113355 0.09877895132189907 0.22783429044820647 0.14242938110723546 0.23540198574832716 
0.2164602011029475 0.4146112431598501 0.5264606415971498 1.272637183859219 0.4019308397968946 0.16976327626455 1.029289585486621 1.6847958677161774 
0.11913482819148968 0.4146112431598501 0.5264606415971498 0.30867396904091815 0.12667535202470792 0.8691646169203227 0.5614637903354767 2.7880217936702385 
0.4394107384487089 0.35136769537730705 0.07452001774343442 0.30867396904091815 0.8712141644428935 0.7061477805546903 0.02140548256803254 1.7791349604209754 
0.2593904516376493 0.35136769537730705 0.07452001774343442 0.1247681272324066 0.2105245411401746 0.4656186934122879 0.47946727160360325 0.7293960081854727 
0.2593904516376493 0.35136769537730705 0.07452001774343442 0.1247681272324066 0.2105245411401746 0.4656186934122879 0.032975924262655276 1.3441373786151782 
0.2593904516376493 0.35136769537730705 0.07452001774343442 0.1247681272324066 0.2105245411401746 0.4656186934122879 0.032975924262655276 1.3441373786151782 
0.2593904516376493 0.35136769537730705 0.07452001774343442 0.1247681272324066 0.2105245411401746 0.4656186934122879 0.032975924262655276 1.3441373786151782 
0.28327441647463547 0.35136769537730705 0.07452001774343442 0.1247681272324066 0.07316371092503271 0.4656186934122879 0.032975924262655276 0.16641154397051117 
0.2593904516376493 0.35136769537730705 0.07452001774343442 0.1247681272324066 0.2105245411401746 0.4656186934122879 0.032975924262655276 1.3441373786151782 
0.2593904516376493 0.35136769537730705 0.07452001774343442 0.1247681272324066 0.2105245411401746 0.4656186934122879 0.032975924262655276 1.3441373786151782 
0.2593904516376493 0.35136769537730705 0.07452001774343442 0.1247681272324066 0.2105245411401746 0.4656186934122879 0.032975924262655276 1.3441373786151782 
0.2593904516376493 0.35136769537730705 0.07452001774343442 0.1247681272324066 0.2105245411401746 0.4656186934122879 0.032975924262655276 1.3441373786151782 
0.2593904516376493 0.35136769537730705 0.07452001774343442 0.1247681272324066 0.2105245411401746 0.4656186934122879 0.032975924262655276 1.3441373786151782 
0.2593904516376493 0.35136769537730705 0.07452001774343442 0.1247681272324066 0.2105245411401746 0.4656186934122879 0.032975924262655276 1.3441373786151782 
0.6373398897265719 0.35136769537730705 0.07452001774343442 0.6990402285845527 0.3614038632593233 0.4656186934122879 0.5117620697114755 0.05810321397836504 
0.3148454917210679 0.14557152412664087 0.3425233716258542 1.1786195122011092 0.7133579197472624 0.681306018857309 0.8292906839493694 -0.32628627165469726 
0.08033561666526778 0.25406048369355605 0.016874882401380242 0.6990402285845527 0.7048815838913773 0.12595067400457727 0.09409960504256643 -0.9932892535305431 
0.08033561666526778 0.2996556880839165 0.7063354874612122 0.22264749968257114 1.068107768414155 0.12595067400457727 0.3127356517409696 0.3368913940590563 
0.5140440154459551 0.26678145405269693 0.6046865810231727 0.22264749968257114 0.25591408348359956 1.0282055212186374 0.5473462210347013 0.026862134633388157 
0.08033561666526778 0.20221586858633467 0.7063354874612122 0.7512610332293752 0.25591408348359956 0.4385686078941773 0.5473462210347013 1.7515750522210842 
0.5470298164896288 0.016450123527813165 0.2960563333491846 0.530996064163106 0.3654473263908091 0.39165073416109686 0.4506418665820282 2.4405768951465636 
0.6747743957981784 0.5498660724950768 0.16159053291929593 0.17450517888560846 0.8593421198632207 0.39165073416109686 0.6773646099436268 2.0141247782985534 
0.6747743957981784 0.27824764641470523 0.5492224877550838 0.17450517888560846 0.3661707745394134 0.5603250604595589 0.13239948781601285 1.8540261040488515 
0.6747743957981784 0.5901792491752478 0.7233098775814302 0.1296326457819994 0.3661707745394134 0.12860678767743416 0.3163356606237706 2.3949256165234893 
