0.5 0.1 0.1 0.6625876954627354 0.04233365127120883 0.1 0.18389426151158883 3.5981459392645654 
0.3028791267379598 0.039989241656728125 0.5306790190942955 0.2039644454791032 0.7853555012097263 0.1 0.1778493738408644 5.129505329768456 
0.17423223270267196 0.07662088759614949 0.9270474783832771 0.2039644454791032 0.318445727564853 0.375118819851472 0.12513763144735357 4.531744410373127 
0.5195017076840946 0.8662844961654953 0.8912837275470936 0.4313193651304492 0.7337210572230315 0.8575722525357163 0.4277037291079857 3.530745843872327 
0.5195017076840946 0.7042766945577127 0.21375739901235769 0.2039644454791032 0.947353430267147 0.06435401887694203 0.6307414001308871 6.11464233703154 
0.5195017076840946 0.07662088759614949 0.21375739901235769 0.5303405378925876 0.8809145416526665 0.009243005648761793 0.6756551940029369 7.012894423634249 
0.5195017076840946 0.27330168718691705 0.21375739901235769 0.8047283890079688 0.20373145650947833 0.20560925167838717 0.7509797366394102 5.973078882947078 
0.258906266902849 0.04108437214710137 0.3168483383483275 0.22255271630491102 0.6509123697980197 0.4503150361671351 0.20020088180467854 6.6811534172668186 
0.258906266902849 0.04108437214710137 0.3168483383483275 0.16038786675902883 0.5185698791766589 0.14237255884858802 0.40354960277809404 6.6811534172668186 
0.258906266902849 0.04108437214710137 0.3168483383483275 0.16038786675902883 0.5185698791766589 0.14237255884858802 0.40354960277809404 6.6811534172668186 
0.258906266902849 0.01973833810381398 0.3168483383483275 0.18315681389425031 0.3879739902070929 0.09538039704011458 0.40354960277809404 6.54953500948883 
0.258906266902849 0.01973833810381398 0.3168483383483275 0.16038786675902883 0.5185698791766589 0.09538039704011458 0.40354960277809404 6.54953500948883 
0.258906266902849 0.2776970261547539 0.3168483383483275 0.1447973108080569 0.407826924623522 0.37842721694005843 0.10929733581250556 7.124478773528574 
0.258906266902849 0.2776970261547539 0.3168483383483275 0.1447973108080569 0.407826924623522 0.37842721694005843 0.10929733581250556 7.124478773528574 
0.258906266902849 0.2776970261547539 0.3168483383483275 0.1447973108080569 0.407826924623522 0.37842721694005843 0.10929733581250556 7.124478773528574 
0.258906266902849 0.3889687614157816 0.3168483383483275 0.1447973108080569 0.20424560768218591 0.37842721694005843 0.10929733581250556 7.521355367297641 
0.258906266902849 0.3889687614157816 0.3168483383483275 0.1447973108080569 0.21981722387385738 0.37842721694005843 0.4438703157920043 4.980937443042475 
0.258906266902849 0.3889687614157816 0.3168483383483275 0.1447973108080569 0.21981722387385738 0.1718704373917277 0.523356916049895 5.1706705885515 
0.258906266902849 0.3889687614157816 0.3168483383483275 0.1447973108080569 0.21981722387385738 0.1718704373917277 0.523356916049895 5.1706705885515 
0.194044236196385 0.19626744208742208 0.38527277262480797 0.10773606649471223 0.4000740999098835 1.0194357451564489 0.04532999726400733 3.6413857033742927 
0.194044236196385 0.19626744208742208 0.38527277262480797 0.10773606649471223 0.4000740999098835 0.1718704373917277 0.3217695055277363 4.920884423346956 
0.194044236196385 0.8622153662137876 0.1975793960860326 0.10773606649471223 0.16638864691425304 0.6144604268721634 0.3534454893933301 6.531312374049714 
0.17767056992712615 0.4135132990057532 0.1975793960860326 0.10773606649471223 0.16638864691425304 0.38148919155999295 0.3534454893933301 6.832691385219668 
0.3502457029479422 0.21043555146846982 0.1975793960860326 0.3295119178130408 0.4672604928249571 0.38148919155999295 0.3534454893933301 6.150157870995234 
0.3502457029479422 0.05979858828156981 0.4041620384562421 0.1182054551983649 0.4672604928249571 0.38148919155999295 0.3534454893933301 4.826223687519064 
0.12139879980301449 0.1820859043522438 0.13878440280295612 0.10052923059912366 0.22870364074187655 0.0845087119173471 0.2984103786344363 4.824662681615988 
0.12139879980301449 0.1820859043522438 0.13878440280295612 0.10052923059912366 0.22870364074187655 0.0845087119173471 0.2984103786344363 4.824662681615988 
0.12139879980301449 0.1820859043522438 0.13878440280295612 0.10052923059912366 0.22870364074187655 0.0845087119173471 0.2984103786344363 4.824662681615988 
0.39949043574961507 0.3998365535751427 0.25517520796040394 0.0209898257585992 0.7949485521827278 0.0845087119173471 0.2984103786344363 4.951894266038934 
0.39949043574961507 0.22900680141481788 0.2781907707746918 0.18062116724298627 0.1809049733884145 0.0845087119173471 0.18216752309229278 5.91805882655466 
0.39949043574961507 0.22900680141481788 0.2781907707746918 0.18062116724298627 0.1809049733884145 0.0845087119173471 0.18216752309229278 5.91805882655466 
0.39949043574961507 0.22900680141481788 0.2781907707746918 0.18062116724298627 0.1809049733884145 0.0845087119173471 0.18216752309229278 5.91805882655466 
0.39949043574961507 0.22900680141481788 0.2781907707746918 0.18062116724298627 0.1809049733884145 0.0845087119173471 0.18216752309229278 5.91805882655466 
0.39949043574961507 0.22900680141481788 0.2781907707746918 0.18062116724298627 0.1809049733884145 0.0845087119173471 0.18216752309229278 5.91805882655466 
0.39949043574961507 0.22900680141481788 0.2781907707746918 0.18062116724298627 0.1809049733884145 0.0845087119173471 0.18216752309229278 5.91805882655466 
0.39949043574961507 0.03374922188593743 0.2781907707746918 0.18062116724298627 0.1809049733884145 0.0845087119173471 0.18216752309229278 6.099017488986692 
0.39949043574961507 0.03374922188593743 0.2781907707746918 0.18062116724298627 0.1809049733884145 0.0845087119173471 0.18216752309229278 6.099017488986692 
0.165535445880027 0.4966462914523271 1.1886803636337455 0.18062116724298627 0.5664098314501869 0.41714103651966594 0.4438769134462468 6.291279034793588 
0.165535445880027 0.3550628424911808 0.9056475783413376 0.18062116724298627 0.3354942764773914 0.4855051860402517 0.05392991406032488 6.147778379843768 
0.165535445880027 0.3550628424911808 0.06476993872219317 0.5264502875919712 0.6882920291190251 0.371541348067824 0.05392991406032488 6.164641270345464 
0.165535445880027 0.3550628424911808 0.06476993872219317 0.5264502875919712 0.6882920291190251 0.371541348067824 0.05392991406032488 6.164641270345464 
0.165535445880027 0.3550628424911808 0.06476993872219317 0.4296699978094143 0.6882920291190251 0.3523748319289799 0.05392991406032488 6.164641270345464 
0.165535445880027 0.3550628424911808 0.06476993872219317 0.4296699978094143 0.6882920291190251 0.3523748319289799 0.05392991406032488 6.164641270345464 
0.165535445880027 0.6577692819108445 0.06476993872219317 0.0468985797327679 0.2453633730426792 0.4047724940632189 0.30744555763215553 5.071093772679928 
0.702841470722808 0.3550628424911808 0.061262712642214945 0.3719731936202062 0.8108443386402688 0.527769985335691 0.28883870290117963 6.042599518264406 
0.2884957068104105 0.6572170321173578 0.8425585956235246 0.4296699978094143 1.3854759283009765 0.8228076537838069 0.5791695246066328 5.882514036928445 
0.2884957068104105 0.2997334011855046 0.5504795562511067 0.5860067146128116 0.3419890616783885 0.5286662545788343 0.43323249411826437 6.062312542303095 
0.2884957068104105 0.04381278140399303 0.2737185876171828 0.5860067146128116 0.021216453845328997 0.5134212497478343 0.43323249411826437 6.857180528111587 
0.4492354603463288 0.04381278140399303 0.5648170561426546 0.060937748749273934 0.12931258586688132 0.2910900790784865 0.25141157427743455 6.781138036520097 
0.2884957068104105 0.04381278140399303 0.21978643194853387 0.026597452946824474 0.5483426453163533 0.2547237561064366 0.25141157427743455 6.9883229827044655 
0.22923993223113504 0.04381278140399303 0.21978643194853387 0.026597452946824474 0.029242416204340538 0.5048592009907393 0.25141157427743455 6.9883229827044655 
0.22923993223113504 0.04381278140399303 0.21978643194853387 0.026597452946824474 0.23864543293910834 0.1986335236798078 0.25141157427743455 6.406649782087822 
0.22923993223113504 0.04381278140399303 0.21978643194853387 0.026597452946824474 0.23864543293910834 0.1986335236798078 0.25141157427743455 6.406649782087822 
0.22923993223113504 0.04381278140399303 0.21978643194853387 0.026597452946824474 0.23864543293910834 0.1986335236798078 0.25141157427743455 6.406649782087822 
0.22923993223113504 0.04381278140399303 0.21978643194853387 0.026597452946824474 0.23864543293910834 0.1986335236798078 0.25141157427743455 6.406649782087822 
0.22923993223113504 0.04381278140399303 0.21978643194853387 0.026597452946824474 0.23864543293910834 0.1986335236798078 0.25141157427743455 6.406649782087822 
0.22923993223113504 0.04381278140399303 0.21978643194853387 0.026597452946824474 0.23864543293910834 0.1986335236798078 0.25141157427743455 6.406649782087822 
0.22923993223113504 0.04381278140399303 0.21978643194853387 0.026597452946824474 0.23864543293910834 0.1986335236798078 0.25141157427743455 6.406649782087822 
0.22923993223113504 0.04381278140399303 0.21978643194853387 0.026597452946824474 0.23864543293910834 0.1986335236798078 0.25141157427743455 6.406649782087822 
0.22923993223113504 0.04381278140399303 0.21978643194853387 0.026597452946824474 0.23864543293910834 0.1986335236798078 0.25141157427743455 6.406649782087822 
0.22923993223113504 0.04381278140399303 0.21978643194853387 0.026597452946824474 0.23864543293910834 0.1986335236798078 0.25141157427743455 6.406649782087822 
0.10154229736261378 0.04381278140399303 0.07792180114143221 0.026597452946824474 0.11046797914929485 0.1986335236798078 0.13260673079523722 6.364230311663157 
0.22923993223113504 0.04381278140399303 0.07792180114143221 0.026597452946824474 0.11046797914929485 0.1986335236798078 0.25141157427743455 6.406649782087822 
0.22923993223113504 0.04381278140399303 0.07792180114143221 0.026597452946824474 0.11046797914929485 0.1986335236798078 0.25141157427743455 6.406649782087822 
0.22923993223113504 0.04381278140399303 0.07792180114143221 0.026597452946824474 0.11046797914929485 0.1986335236798078 0.25141157427743455 6.406649782087822 
0.22923993223113504 0.04381278140399303 0.07792180114143221 0.026597452946824474 0.11046797914929485 0.1986335236798078 0.25141157427743455 6.406649782087822 
0.22923993223113504 0.04381278140399303 0.07792180114143221 0.026597452946824474 0.11046797914929485 0.1986335236798078 0.25141157427743455 6.406649782087822 
0.22923993223113504 0.04381278140399303 0.07792180114143221 0.026597452946824474 0.11046797914929485 0.1986335236798078 0.25141157427743455 6.406649782087822 
0.22923993223113504 0.04381278140399303 0.07792180114143221 0.026597452946824474 0.11046797914929485 0.1986335236798078 0.25141157427743455 6.406649782087822 
0.6148263827152761 0.26734279627172763 0.441882422979724 0.28515906346041087 0.11046797914929485 0.23574314790514594 0.005381103689696021 5.520324152444641 
0.38906568042900436 0.31438541468832226 0.10136997561769312 0.28515906346041087 0.3495259075286212 0.29917714525079075 0.18252664023630794 5.145891488801073 
0.22923993223113504 0.31438541468832226 0.10136997561769312 0.28515906346041087 0.3495259075286212 0.4983294311341948 0.18252664023630794 5.145891488801073 
0.23539164984771077 0.31438541468832226 0.10136997561769312 0.16048196624055744 0.2509516490210444 0.4983294311341948 0.18252664023630794 4.9317252308788735 
0.23539164984771077 0.31438541468832226 0.23119837648558494 0.16048196624055744 0.3148388553119752 0.23743180200275926 0.18252664023630794 9.032593861615076 
0.23539164984771077 0.31438541468832226 0.23119837648558494 0.16048196624055744 0.3148388553119752 0.23743180200275926 0.18252664023630794 9.032593861615076 
0.23539164984771077 0.31438541468832226 0.23119837648558494 0.16048196624055744 0.3148388553119752 0.23743180200275926 0.18252664023630794 9.032593861615076 
0.23539164984771077 0.31438541468832226 0.23119837648558494 0.16048196624055744 0.3148388553119752 0.23743180200275926 0.18252664023630794 9.032593861615076 
0.23539164984771077 0.3394925829943598 0.00308218325395071 0.6834192930532592 0.3148388553119752 0.044267378762005594 0.3868762590113366 8.296182067772753 
0.23539164984771077 0.4634345724520059 0.3020005271059889 0.47506470314381555 0.3502865532463437 0.03835193663404768 0.36165851398016735 9.21423124525169 
0.6509681679376027 0.4634345724520059 0.8545443873422423 0.47506470314381555 0.3502865532463437 0.03835193663404768 0.17521902183954374 9.211803074271462 
0.23836287355096308 0.3093276469157644 0.44095382226383806 0.2808551148325007 0.3502865532463437 0.03835193663404768 0.17521902183954374 7.954933427251289 
0.23836287355096308 0.3093276469157644 0.44095382226383806 0.2808551148325007 0.3502865532463437 0.03835193663404768 0.17521902183954374 7.954933427251289 
0.23836287355096308 0.3093276469157644 0.44095382226383806 0.2808551148325007 0.3502865532463437 0.03835193663404768 0.17521902183954374 7.954933427251289 
0.11322764581070466 0.29107001732424265 0.3300755638450896 0.13134235757666013 0.1911861255292917 0.03835193663404768 0.7330066637848429 4.0498289892343475 
0.259961477182133 0.3093276469157644 0.44095382226383806 0.1953729405792497 0.1911861255292917 0.7261226858348011 0.04214226883976657 3.113937325187419 
0.259961477182133 0.3093276469157644 0.44095382226383806 0.1953729405792497 0.1911861255292917 0.7261226858348011 0.04214226883976657 3.113937325187419 
0.3796422461944575 0.3093276469157644 0.4490903668786257 0.26912720008030133 0.22957038455949186 0.45039708110112575 0.04214226883976657 4.446430641392584 
0.003792297490676333 0.3093276469157644 0.2811369448372931 0.30370367135507226 0.24757751681213636 0.2866473442312425 0.04214226883976657 2.2619408381687043 
0.1671725684090748 0.3093276469157644 0.21774697535635257 0.30370367135507226 0.24757751681213636 0.2866473442312425 0.03706029080658024 1.4063689172807656 
0.5968698475484278 0.3093276469157644 0.21774697535635257 0.30370367135507226 0.025474209060067254 0.25978846543979905 0.20151815246798677 1.4063689172807656 
0.1671725684090748 0.3093276469157644 0.21774697535635257 0.5407418968224071 0.24757751681213636 0.2866473442312425 0.4957324073528875 0.9657848515320169 
0.1671725684090748 0.3093276469157644 0.21774697535635257 0.5407418968224071 0.044930336364423784 0.2866473442312425 0.4957324073528875 1.3239405850658508 
0.22081793665925487 0.3093276469157644 0.21774697535635257 0.3028608232916272 0.24757751681213636 0.2866473442312425 0.4957324073528875 0.45751004193330114 
0.22081793665925487 0.3093276469157644 0.21774697535635257 0.3028608232916272 0.24757751681213636 0.2866473442312425 0.4957324073528875 0.45751004193330114 
0.22081793665925487 0.3093276469157644 0.21774697535635257 0.3028608232916272 0.24757751681213636 0.2866473442312425 0.4957324073528875 0.45751004193330114 
0.4607272881218767 0.27899733534878024 0.21774697535635257 0.3028608232916272 0.10836792089693925 0.10483076237864197 0.19477772223759482 -0.0858124675161911 
0.19898475373025404 0.09572317820066378 0.16311144965424607 0.3028608232916272 0.2484774739091411 0.04482218023389861 0.3594380070723564 0.2937135068400123 
0.19898475373025404 0.09572317820066378 0.16311144965424607 0.3028608232916272 0.2484774739091411 0.04482218023389861 0.3594380070723564 0.2937135068400123 
0.10170041327044421 0.09572317820066378 0.1452894569183325 0.3028608232916272 0.30729472092944854 0.04482218023389861 0.21291405962653376 -0.9490444802997713 
0.10170041327044421 0.09572317820066378 0.1452894569183325 0.3028608232916272 0.30729472092944854 0.04482218023389861 0.21291405962653376 -0.9490444802997713 
0.10170041327044421 0.09572317820066378 0.1452894569183325 0.3028608232916272 0.30729472092944854 0.04482218023389861 0.21291405962653376 -0.9490444802997713 
0.10170041327044421 0.09572317820066378 0.1452894569183325 0.3028608232916272 0.30729472092944854 0.04482218023389861 0.21291405962653376 -0.9490444802997713 
0.10170041327044421 0.09572317820066378 0.1452894569183325 0.3028608232916272 0.30729472092944854 0.04482218023389861 0.21291405962653376 -0.9490444802997713 
0.10170041327044421 0.09572317820066378 0.1452894569183325 0.3028608232916272 0.30729472092944854 0.04482218023389861 0.21291405962653376 -0.9490444802997713 
0.10170041327044421 0.09572317820066378 0.1452894569183325 0.3028608232916272 0.30729472092944854 0.04482218023389861 0.21291405962653376 -0.9490444802997713 
0.10170041327044421 0.09572317820066378 0.1452894569183325 0.3028608232916272 0.30729472092944854 0.04482218023389861 0.21291405962653376 -0.9490444802997713 
0.10170041327044421 0.09572317820066378 0.1452894569183325 0.3028608232916272 0.30729472092944854 0.04482218023389861 0.21291405962653376 -0.9490444802997713 
0.10170041327044421 0.09572317820066378 0.1452894569183325 0.3028608232916272 0.30729472092944854 0.04482218023389861 0.21291405962653376 -0.9490444802997713 
0.10170041327044421 0.27966304281524357 0.1452894569183325 0.0583425162485931 0.30729472092944854 0.04482218023389861 0.04057293449111943 -1.6564044221023964 
0.10170041327044421 0.27966304281524357 0.034187006714574864 0.0583425162485931 0.30729472092944854 0.04482218023389861 0.04057293449111943 -1.5636147293382536 
0.10170041327044421 0.27966304281524357 0.1452894569183325 0.0583425162485931 0.2369714932761191 0.04482218023389861 0.04057293449111943 -1.514582130480208 
0.4193284153038992 0.20482549837229547 0.017694816246460965 0.0583425162485931 0.2371915492510468 0.02621617575046198 0.5727955672517611 -2.5065391717617542 
0.07777507430235997 0.20482549837229547 0.3247501257127361 0.1821723667344537 0.24048425412518082 0.4622838390909114 0.48213580960473723 1.479456291276257 
0.05579336104382415 0.20482549837229547 0.22064116380581544 0.1821723667344537 0.24048425412518082 0.4225973488500683 0.4260676314637113 1.8664387668328186 
0.05579336104382415 0.8711288699557429 0.13873705054354568 0.5162314710742406 0.19222045756556772 0.4225973488500683 0.327545067383864 -0.5770654552873182 
0.05579336104382415 0.015790940663778175 0.1941234860968195 0.8228988972191482 0.4558460324004776 0.8083473650282891 0.327545067383864 -0.40304755352834043 
0.05579336104382415 0.04482785411985679 0.22942062112436723 0.026507927365458483 0.12594712416850173 0.5116926233280479 0.27493596654073715 0.3855283763837667 
0.05579336104382415 0.04482785411985679 0.22942062112436723 0.026507927365458483 0.12594712416850173 0.08197308916545576 0.27493596654073715 0.7938447455205924 
0.05579336104382415 0.04482785411985679 0.22942062112436723 0.026507927365458483 0.12594712416850173 0.08197308916545576 0.27493596654073715 0.7938447455205924 
0.05579336104382415 0.04482785411985679 0.22942062112436723 0.026507927365458483 0.12594712416850173 0.08197308916545576 0.27493596654073715 0.7938447455205924 
0.05579336104382415 0.04482785411985679 0.22942062112436723 0.026507927365458483 0.12594712416850173 0.08197308916545576 0.27493596654073715 0.7938447455205924 
0.05579336104382415 0.04482785411985679 0.22942062112436723 0.026507927365458483 0.12594712416850173 0.08197308916545576 0.27493596654073715 0.7938447455205924 
0.05579336104382415 0.04482785411985679 0.22942062112436723 0.026507927365458483 0.12594712416850173 0.08197308916545576 0.27493596654073715 0.7938447455205924 
0.05579336104382415 0.04482785411985679 0.22942062112436723 0.026507927365458483 0.12594712416850173 0.08197308916545576 0.27493596654073715 0.7938447455205924 
0.05579336104382415 0.04482785411985679 0.22942062112436723 0.026507927365458483 0.12594712416850173 0.08197308916545576 0.27493596654073715 0.7938447455205924 
0.05579336104382415 0.04482785411985679 0.22942062112436723 0.026507927365458483 0.12594712416850173 0.08197308916545576 0.27493596654073715 0.7938447455205924 
0.05579336104382415 0.04482785411985679 0.22942062112436723 0.026507927365458483 0.12594712416850173 0.08197308916545576 0.27493596654073715 0.7938447455205924 
0.05579336104382415 0.04482785411985679 0.22942062112436723 0.026507927365458483 0.12594712416850173 0.08197308916545576 0.27493596654073715 0.7938447455205924 
0.05579336104382415 0.04482785411985679 0.22942062112436723 0.026507927365458483 0.12594712416850173 0.08197308916545576 0.236873231199201 9.463707334001477 
0.05579336104382415 0.04482785411985679 0.22942062112436723 0.026507927365458483 0.12594712416850173 0.08197308916545576 0.236873231199201 9.463707334001477 
0.4402694584519442 0.08439483355573052 0.08869967808902723 0.14956716488408683 0.12594712416850173 0.08197308916545576 0.236873231199201 10.364787890733623 
0.4402694584519442 0.08439483355573052 0.08869967808902723 0.14956716488408683 0.12594712416850173 0.08197308916545576 0.236873231199201 10.364787890733623 
0.4402694584519442 0.08439483355573052 0.08869967808902723 0.1261409598957084 0.12594712416850173 0.08197308916545576 0.236873231199201 9.592944656881118 
0.4402694584519442 0.08439483355573052 0.08869967808902723 0.14956716488408683 0.12594712416850173 0.08197308916545576 0.236873231199201 10.364787890733623 
0.4402694584519442 0.08439483355573052 0.08869967808902723 0.14956716488408683 0.12594712416850173 0.08197308916545576 0.236873231199201 10.364787890733623 
0.4402694584519442 0.08439483355573052 0.08869967808902723 0.14956716488408683 0.12594712416850173 0.08197308916545576 0.236873231199201 10.364787890733623 
0.18626538318933394 0.08439483355573052 0.08869967808902723 0.14956716488408683 0.2863468507951128 0.08197308916545576 0.04929216152122873 5.804535783937057 
0.18626538318933394 0.08439483355573052 0.08869967808902723 0.14956716488408683 0.2863468507951128 0.08197308916545576 0.04929216152122873 5.804535783937057 
0.18626538318933394 0.08439483355573052 0.08869967808902723 0.14956716488408683 0.2863468507951128 0.08197308916545576 0.04929216152122873 5.804535783937057 
0.18626538318933394 0.08439483355573052 0.08869967808902723 0.14956716488408683 0.2863468507951128 0.08197308916545576 0.04929216152122873 5.804535783937057 
0.18626538318933394 0.08439483355573052 0.08869967808902723 0.14956716488408683 0.2863468507951128 0.08197308916545576 0.04929216152122873 5.804535783937057 
0.18626538318933394 0.08439483355573052 0.08869967808902723 0.14956716488408683 0.2863468507951128 0.08197308916545576 0.04929216152122873 5.804535783937057 
0.18626538318933394 0.08439483355573052 0.08869967808902723 0.14956716488408683 0.2863468507951128 0.08197308916545576 0.04929216152122873 5.804535783937057 
0.18626538318933394 0.08439483355573052 0.08869967808902723 0.14956716488408683 0.2863468507951128 0.08197308916545576 0.04929216152122873 5.804535783937057 
0.18626538318933394 0.08439483355573052 0.08869967808902723 0.14956716488408683 0.2863468507951128 0.08197308916545576 0.04929216152122873 5.804535783937057 
0.18626538318933394 0.08439483355573052 0.08869967808902723 0.14956716488408683 0.2863468507951128 0.08197308916545576 0.04929216152122873 5.804535783937057 
0.18626538318933394 0.08439483355573052 0.08869967808902723 0.14956716488408683 0.2863468507951128 0.08197308916545576 0.04929216152122873 5.804535783937057 
0.18626538318933394 0.08439483355573052 0.08869967808902723 0.14956716488408683 0.2863468507951128 0.08197308916545576 0.04929216152122873 5.804535783937057 
0.18626538318933394 0.08439483355573052 0.08869967808902723 0.14956716488408683 0.2863468507951128 0.08197308916545576 0.04929216152122873 5.804535783937057 
0.18626538318933394 0.08439483355573052 0.08869967808902723 0.14956716488408683 0.2863468507951128 0.08197308916545576 0.04929216152122873 5.804535783937057 
0.18626538318933394 0.08439483355573052 0.08869967808902723 0.14956716488408683 0.2863468507951128 0.08197308916545576 0.04929216152122873 5.804535783937057 
0.18626538318933394 0.08439483355573052 0.08869967808902723 0.14956716488408683 0.2863468507951128 0.08197308916545576 0.04929216152122873 5.804535783937057 
0.18626538318933394 0.08439483355573052 0.08869967808902723 0.14956716488408683 0.2863468507951128 0.08197308916545576 0.04929216152122873 5.804535783937057 
0.18626538318933394 0.08439483355573052 0.08869967808902723 0.14956716488408683 0.2863468507951128 0.08197308916545576 0.04929216152122873 5.804535783937057 
0.18626538318933394 0.08439483355573052 0.08869967808902723 0.14956716488408683 0.2863468507951128 0.08197308916545576 0.04929216152122873 5.804535783937057 
0.18626538318933394 0.08439483355573052 0.08869967808902723 0.14956716488408683 0.2863468507951128 0.08197308916545576 0.04929216152122873 5.804535783937057 
0.18626538318933394 0.08439483355573052 0.08869967808902723 0.14956716488408683 0.2863468507951128 0.08197308916545576 0.04929216152122873 5.804535783937057 
0.18626538318933394 0.08439483355573052 0.032589080686178384 0.14956716488408683 0.2863468507951128 0.08197308916545576 0.04929216152122873 2.256112853422537 
0.08587399409528418 0.16210572042923954 0.12121804044720408 0.14956716488408683 0.16476162730959 0.08197308916545576 0.16587605827084428 5.652487096684151 
0.08587399409528418 0.16210572042923954 0.12121804044720408 0.14956716488408683 0.16476162730959 0.08197308916545576 0.16587605827084428 5.652487096684151 
0.08587399409528418 0.16210572042923954 0.12121804044720408 0.14956716488408683 0.16476162730959 0.08197308916545576 0.16587605827084428 5.652487096684151 
0.08587399409528418 0.18938930631745277 0.12121804044720408 0.1071781638389755 0.16476162730959 0.08197308916545576 0.1306744415537877 4.937309883283412 
0.08587399409528418 0.18938930631745277 0.12121804044720408 0.1071781638389755 0.16476162730959 0.08197308916545576 0.1306744415537877 4.937309883283412 
0.08587399409528418 0.18938930631745277 0.12121804044720408 0.1071781638389755 0.16476162730959 0.08197308916545576 0.12042321745798246 4.661964395588594 
0.08587399409528418 0.18938930631745277 0.12121804044720408 0.1071781638389755 0.16476162730959 0.08197308916545576 0.12042321745798246 4.661964395588594 
0.08587399409528418 0.18938930631745277 0.12121804044720408 0.1071781638389755 0.16476162730959 0.08197308916545576 0.12042321745798246 4.661964395588594 
0.08587399409528418 0.18938930631745277 0.12121804044720408 0.1071781638389755 0.16476162730959 0.08197308916545576 0.12042321745798246 4.661964395588594 
0.08587399409528418 0.18938930631745277 0.12121804044720408 0.1071781638389755 0.16476162730959 0.08197308916545576 0.12042321745798246 4.661964395588594 
0.08587399409528418 0.07210949185689852 0.12121804044720408 0.1071781638389755 0.16476162730959 0.16684778308024617 0.12042321745798246 4.661964395588594 
0.08587399409528418 0.21374960468018078 0.05619988159800737 0.1071781638389755 0.16476162730959 0.08197308916545576 0.12042321745798246 4.710082861879969 
0.08587399409528418 0.21374960468018078 0.05619988159800737 0.1071781638389755 0.16476162730959 0.08197308916545576 0.12042321745798246 4.710082861879969 
0.08587399409528418 0.21374960468018078 0.05619988159800737 0.1071781638389755 0.16476162730959 0.08197308916545576 0.12042321745798246 4.710082861879969 
0.08587399409528418 0.21374960468018078 0.05619988159800737 0.1071781638389755 0.16476162730959 0.08197308916545576 0.12042321745798246 4.710082861879969 
0.08587399409528418 0.21374960468018078 0.13993824535734478 0.1071781638389755 0.0751505810199724 0.06724386875049593 0.12042321745798246 4.760052625169827 
0.08587399409528418 0.21374960468018078 0.13993824535734478 0.1071781638389755 0.0751505810199724 0.06724386875049593 0.12042321745798246 4.760052625169827 
0.08587399409528418 0.21374960468018078 0.13993824535734478 0.1071781638389755 0.0751505810199724 0.06724386875049593 0.12042321745798246 4.760052625169827 
0.08587399409528418 0.21374960468018078 0.13993824535734478 0.1071781638389755 0.0751505810199724 0.06724386875049593 0.12042321745798246 4.760052625169827 
0.08587399409528418 0.21374960468018078 0.13993824535734478 0.1071781638389755 0.0751505810199724 0.06724386875049593 0.12042321745798246 4.760052625169827 
0.08587399409528418 0.21374960468018078 0.13993824535734478 0.1071781638389755 0.0751505810199724 0.06724386875049593 0.12042321745798246 4.760052625169827 
0.08587399409528418 0.21374960468018078 0.13993824535734478 0.1071781638389755 0.0751505810199724 0.06724386875049593 0.12042321745798246 4.760052625169827 
0.08587399409528418 0.21374960468018078 0.13993824535734478 0.1071781638389755 0.0751505810199724 0.06724386875049593 0.12042321745798246 4.760052625169827 
0.08587399409528418 0.21374960468018078 0.13993824535734478 0.1071781638389755 0.0751505810199724 0.06724386875049593 0.12042321745798246 4.760052625169827 
0.08587399409528418 0.21374960468018078 0.13993824535734478 0.1071781638389755 0.0751505810199724 0.06724386875049593 0.12042321745798246 4.760052625169827 
0.08587399409528418 0.21374960468018078 0.13993824535734478 0.1071781638389755 0.0751505810199724 0.06724386875049593 0.12042321745798246 4.760052625169827 
0.08587399409528418 0.21374960468018078 0.13993824535734478 0.1071781638389755 0.0751505810199724 0.06724386875049593 0.12042321745798246 4.760052625169827 
0.08587399409528418 0.21374960468018078 0.13993824535734478 0.1071781638389755 0.0751505810199724 0.06724386875049593 0.12042321745798246 4.760052625169827 
0.08587399409528418 0.21374960468018078 0.13993824535734478 0.1071781638389755 0.0751505810199724 0.06724386875049593 0.12042321745798246 4.760052625169827 
0.08587399409528418 0.21374960468018078 0.1281602021342627 0.1071781638389755 0.0751505810199724 0.06724386875049593 0.12042321745798246 4.626085582691669 
0.08587399409528418 0.21374960468018078 0.1281602021342627 0.1071781638389755 0.0751505810199724 0.06724386875049593 0.12042321745798246 4.626085582691669 
0.08587399409528418 0.21374960468018078 0.1281602021342627 0.1071781638389755 0.0751505810199724 0.06724386875049593 0.12042321745798246 4.626085582691669 
0.08587399409528418 0.21374960468018078 0.1281602021342627 0.1071781638389755 0.0751505810199724 0.06724386875049593 0.06964094993681602 4.943185134858771 
0.08587399409528418 0.21374960468018078 0.1281602021342627 0.1071781638389755 0.0751505810199724 0.06724386875049593 0.06964094993681602 4.943185134858771 
0.08587399409528418 0.21374960468018078 0.1281602021342627 0.1071781638389755 0.03862617954989922 0.037071008189582644 0.06964094993681602 4.674236955140659 
0.08587399409528418 0.21374960468018078 0.1281602021342627 0.1071781638389755 0.03862617954989922 0.037071008189582644 0.06964094993681602 4.674236955140659 
0.08587399409528418 0.21374960468018078 0.1281602021342627 0.1071781638389755 0.03862617954989922 0.037071008189582644 0.06964094993681602 4.674236955140659 
0.08587399409528418 0.21374960468018078 0.1281602021342627 0.1071781638389755 0.03862617954989922 0.037071008189582644 0.06964094993681602 4.674236955140659 
0.08587399409528418 0.21374960468018078 0.1281602021342627 0.1071781638389755 0.03862617954989922 0.037071008189582644 0.06964094993681602 4.674236955140659 
0.08587399409528418 0.21374960468018078 0.1281602021342627 0.1071781638389755 0.03862617954989922 0.037071008189582644 0.06964094993681602 4.674236955140659 
0.08587399409528418 0.21374960468018078 0.1281602021342627 0.1071781638389755 0.03862617954989922 0.037071008189582644 0.06964094993681602 4.674236955140659 
0.08587399409528418 0.21374960468018078 0.1281602021342627 0.1071781638389755 0.03862617954989922 0.037071008189582644 0.06964094993681602 4.674236955140659 
0.08587399409528418 0.21374960468018078 0.1281602021342627 0.1071781638389755 0.03862617954989922 0.037071008189582644 0.06964094993681602 4.674236955140659 
0.08587399409528418 0.21374960468018078 0.1281602021342627 0.1071781638389755 0.03862617954989922 0.037071008189582644 0.06964094993681602 4.674236955140659 
0.08587399409528418 1.078108700400671 0.1281602021342627 0.4778123509464438 0.09543373492291773 0.037071008189582644 0.06964094993681602 6.398304185562362 
0.08587399409528418 1.078108700400671 0.1281602021342627 0.07481676851746277 0.055195642222631625 0.037071008189582644 0.06964094993681602 6.692143949963462 
0.3822206643407484 0.38632313244025607 0.1663333289635347 0.2440842223431232 0.3337445844183575 0.037071008189582644 0.17683052400538224 6.874865787968057 
0.3822206643407484 0.38632313244025607 0.1663333289635347 0.2440842223431232 0.3337445844183575 0.037071008189582644 0.17683052400538224 6.874865787968057 
0.3822206643407484 0.38632313244025607 0.1663333289635347 0.2440842223431232 0.3337445844183575 0.037071008189582644 0.17683052400538224 6.874865787968057 
0.3822206643407484 0.38632313244025607 0.1663333289635347 0.2440842223431232 0.3337445844183575 0.037071008189582644 0.17683052400538224 6.874865787968057 
0.3822206643407484 0.38632313244025607 0.1663333289635347 0.2440842223431232 0.3337445844183575 0.037071008189582644 0.17683052400538224 6.874865787968057 
0.018939822388901906 0.38632313244025607 0.1663333289635347 0.24496628669837195 0.20279705313536733 0.037071008189582644 0.07158193639627353 3.616384457188367 
0.018939822388901906 0.38632313244025607 0.1663333289635347 0.24496628669837195 0.20279705313536733 0.037071008189582644 0.07158193639627353 3.616384457188367 
0.018939822388901906 0.38632313244025607 0.1663333289635347 0.24496628669837195 0.20279705313536733 0.037071008189582644 0.07158193639627353 3.616384457188367 
0.018939822388901906 0.29659614337705653 0.1663333289635347 0.24496628669837195 0.13739827553826078 0.14977561251417182 0.07158193639627353 3.537764283039034 
0.018939822388901906 0.29659614337705653 0.1663333289635347 0.24496628669837195 0.13739827553826078 0.14977561251417182 0.07158193639627353 3.537764283039034 
0.018939822388901906 0.29659614337705653 0.1663333289635347 0.24496628669837195 0.13739827553826078 0.14977561251417182 0.07158193639627353 3.537764283039034 
0.018939822388901906 0.29659614337705653 0.1663333289635347 0.24496628669837195 0.13739827553826078 0.14977561251417182 0.07158193639627353 3.537764283039034 
0.018939822388901906 0.29659614337705653 0.1663333289635347 0.24496628669837195 0.13739827553826078 0.14977561251417182 0.07158193639627353 3.537764283039034 
0.018939822388901906 0.29659614337705653 0.1663333289635347 0.24496628669837195 0.13739827553826078 0.14977561251417182 0.07158193639627353 3.537764283039034 
0.018939822388901906 0.29659614337705653 0.1663333289635347 0.24496628669837195 0.13739827553826078 0.14977561251417182 0.07158193639627353 3.537764283039034 
0.018939822388901906 0.29659614337705653 0.1663333289635347 0.24496628669837195 0.13739827553826078 0.14977561251417182 0.07158193639627353 3.537764283039034 
0.018939822388901906 0.29659614337705653 0.1663333289635347 0.24496628669837195 0.13739827553826078 0.14977561251417182 0.07158193639627353 3.537764283039034 
0.018939822388901906 0.29659614337705653 0.1663333289635347 0.24496628669837195 0.13739827553826078 0.14977561251417182 0.07158193639627353 3.537764283039034 
0.018939822388901906 0.29659614337705653 0.1663333289635347 0.24496628669837195 0.13739827553826078 0.14977561251417182 0.07158193639627353 3.537764283039034 
0.018939822388901906 0.29659614337705653 0.1663333289635347 0.24496628669837195 0.13739827553826078 0.14977561251417182 0.07158193639627353 3.537764283039034 
0.018939822388901906 0.29659614337705653 0.1663333289635347 0.24496628669837195 0.13739827553826078 0.14977561251417182 0.07158193639627353 3.537764283039034 
0.018939822388901906 0.29659614337705653 0.1663333289635347 0.24496628669837195 0.13739827553826078 0.14977561251417182 0.07158193639627353 3.537764283039034 
0.018939822388901906 0.29659614337705653 0.1663333289635347 0.24496628669837195 0.13739827553826078 0.14977561251417182 0.07158193639627353 3.537764283039034 
0.018939822388901906 0.29659614337705653 0.1663333289635347 0.24496628669837195 0.13739827553826078 0.14977561251417182 0.07158193639627353 3.537764283039034 
0.018939822388901906 0.29659614337705653 0.1663333289635347 0.24496628669837195 0.13739827553826078 0.14977561251417182 0.07158193639627353 3.537764283039034 
0.018939822388901906 0.29659614337705653 0.1663333289635347 0.24496628669837195 0.13739827553826078 0.14977561251417182 0.07158193639627353 3.537764283039034 
0.018939822388901906 0.29659614337705653 0.1663333289635347 0.24496628669837195 0.13739827553826078 0.14977561251417182 0.07158193639627353 3.537764283039034 
0.018939822388901906 0.29659614337705653 0.1663333289635347 0.24496628669837195 0.13739827553826078 0.14977561251417182 0.07158193639627353 3.537764283039034 
0.018939822388901906 0.29659614337705653 0.1663333289635347 0.24496628669837195 0.13739827553826078 0.14977561251417182 0.07158193639627353 3.537764283039034 
0.14578501221363238 0.4141706203901374 0.07420273893981721 0.484640053346886 0.21205814587742 0.14977561251417182 0.07158193639627353 3.795891079469947 
0.14578501221363238 0.4141706203901374 0.07420273893981721 0.484640053346886 0.21205814587742 0.14977561251417182 0.07158193639627353 3.795891079469947 
0.14578501221363238 0.049572637963748 0.07420273893981721 0.6273583550918245 0.26988968835892146 0.14977561251417182 0.07158193639627353 3.795891079469947 
0.14578501221363238 0.049572637963748 0.07420273893981721 0.6273583550918245 0.26988968835892146 0.14977561251417182 0.07158193639627353 3.795891079469947 
0.14578501221363238 0.052884712044113824 0.07420273893981721 0.1545991832591329 0.26988968835892146 0.14977561251417182 0.07158193639627353 3.0866272908616477 
0.14578501221363238 0.052884712044113824 0.07420273893981721 0.1545991832591329 0.06677184953878346 0.21288791173108867 0.07158193639627353 3.475192038991682 
0.14578501221363238 0.052884712044113824 0.07420273893981721 0.1545991832591329 0.06677184953878346 0.21288791173108867 0.07158193639627353 3.475192038991682 
0.14578501221363238 0.052884712044113824 0.07420273893981721 0.1545991832591329 0.06677184953878346 0.21288791173108867 0.07158193639627353 3.475192038991682 
0.14578501221363238 0.052884712044113824 0.07420273893981721 0.1545991832591329 0.06677184953878346 0.21288791173108867 0.07158193639627353 3.475192038991682 
0.14578501221363238 0.052884712044113824 0.07420273893981721 0.1545991832591329 0.06677184953878346 0.21288791173108867 0.07158193639627353 3.475192038991682 
0.14578501221363238 0.052884712044113824 0.07420273893981721 0.1545991832591329 0.06677184953878346 0.21288791173108867 0.07158193639627353 3.475192038991682 
0.14578501221363238 0.052884712044113824 0.07420273893981721 0.1545991832591329 0.06677184953878346 0.21288791173108867 0.07158193639627353 3.475192038991682 
0.14578501221363238 0.052884712044113824 0.07420273893981721 0.1545991832591329 0.06677184953878346 0.21288791173108867 0.07158193639627353 3.475192038991682 
0.14578501221363238 0.052884712044113824 0.07420273893981721 0.1545991832591329 0.06677184953878346 0.21288791173108867 0.07158193639627353 3.475192038991682 
0.14578501221363238 0.052884712044113824 0.07420273893981721 0.1545991832591329 0.06677184953878346 0.21288791173108867 0.07158193639627353 3.475192038991682 
0.14578501221363238 0.052884712044113824 0.07420273893981721 0.1545991832591329 0.06677184953878346 0.21288791173108867 0.07158193639627353 3.475192038991682 
0.14578501221363238 0.052884712044113824 0.07420273893981721 0.1545991832591329 0.06677184953878346 0.21288791173108867 0.07158193639627353 3.475192038991682 
0.14578501221363238 0.052884712044113824 0.07420273893981721 0.1545991832591329 0.06677184953878346 0.21288791173108867 0.07158193639627353 3.475192038991682 
0.14578501221363238 0.052884712044113824 0.07420273893981721 0.1545991832591329 0.06677184953878346 0.21288791173108867 0.07158193639627353 3.475192038991682 
0.05376988163990615 0.052884712044113824 0.07420273893981721 0.1545991832591329 0.09383255735812268 0.21288791173108867 0.07158193639627353 3.7545160815035605 
0.05376988163990615 0.052884712044113824 0.07420273893981721 0.1545991832591329 0.09383255735812268 0.21288791173108867 0.07158193639627353 3.7545160815035605 
0.05376988163990615 0.052884712044113824 0.07420273893981721 0.1545991832591329 0.09383255735812268 0.17525913370823654 0.07158193639627353 3.0895482803411953 
0.05376988163990615 0.052884712044113824 0.07420273893981721 0.1545991832591329 0.09383255735812268 0.21288791173108867 0.07158193639627353 3.7545160815035605 
0.05376988163990615 0.052884712044113824 0.07420273893981721 0.1545991832591329 0.09383255735812268 0.21288791173108867 0.07158193639627353 3.7545160815035605 
0.05376988163990615 0.052884712044113824 0.07420273893981721 0.1545991832591329 0.09383255735812268 0.21288791173108867 0.07158193639627353 3.7545160815035605 
0.05376988163990615 0.052884712044113824 0.07420273893981721 0.1545991832591329 0.09383255735812268 0.21288791173108867 0.07158193639627353 3.7545160815035605 
0.05376988163990615 0.052884712044113824 0.07420273893981721 0.06562694147521908 0.09383255735812268 0.21288791173108867 0.07158193639627353 4.669348183558033 
0.05376988163990615 0.052884712044113824 0.07420273893981721 0.06562694147521908 0.09383255735812268 0.21288791173108867 0.07158193639627353 4.669348183558033 
0.05376988163990615 0.052884712044113824 0.07420273893981721 0.06562694147521908 0.09383255735812268 0.21288791173108867 0.07158193639627353 4.669348183558033 
0.05376988163990615 0.052884712044113824 0.047403408360122246 0.06562694147521908 0.09383255735812268 0.21288791173108867 0.07158193639627353 4.845252950310713 
0.01907587223927676 0.052884712044113824 0.047403408360122246 0.06562694147521908 0.09383255735812268 0.21288791173108867 0.07158193639627353 3.8889583276281945 
0.05376988163990615 0.052884712044113824 0.047403408360122246 0.06562694147521908 0.09383255735812268 0.21288791173108867 0.07158193639627353 4.845252950310713 
0.2920854966780062 0.052884712044113824 0.047403408360122246 0.06562694147521908 0.09383255735812268 0.21288791173108867 0.07158193639627353 5.693765725866167 
0.2920854966780062 0.052884712044113824 0.047403408360122246 0.06562694147521908 0.09383255735812268 0.21288791173108867 0.07158193639627353 5.693765725866167 
0.2920854966780062 0.052884712044113824 0.047403408360122246 0.06562694147521908 0.09383255735812268 0.21288791173108867 0.07158193639627353 5.693765725866167 
0.032736964268034185 0.052884712044113824 0.047403408360122246 0.06562694147521908 0.09383255735812268 0.21288791173108867 0.07158193639627353 6.329197903156882 
0.2920854966780062 0.052884712044113824 0.047403408360122246 0.06562694147521908 0.09383255735812268 0.21288791173108867 0.07158193639627353 5.693765725866167 
0.09953240739409219 0.5437874302795245 0.2814789211255142 0.7548369957163099 0.09383255735812268 0.6597930674147712 0.3320777821541705 3.3180872965449195 
0.09946217000531132 0.7542080736530719 0.047403408360122246 0.06562694147521908 0.3336882432943553 0.19009911067245633 0.1800983715431672 3.07701963122667 
0.09946217000531132 0.0390652331163579 0.9673564236515249 0.06562694147521908 0.29061470937034817 0.19009911067245633 0.29971333266612943 2.091550123645913 
0.34544802575420386 0.0390652331163579 0.9055853874333166 0.47171129369107434 0.29061470937034817 0.11602718313705451 0.21705347671242725 2.871419404220791 
0.15464613275821537 0.47803825787042165 0.6243341829885365 0.47171129369107434 0.26838602827158087 0.11602718313705451 0.36901323137601416 2.731735313021957 
0.15464613275821537 0.47803825787042165 0.6243341829885365 0.47171129369107434 0.2141051351649308 0.11602718313705451 0.36901323137601416 2.7716977571164785 
0.11971689740935565 0.27310208541925296 0.2433216747306245 0.16962610167121828 0.2141051351649308 0.11602718313705451 0.9199716079010192 1.4729293293596348 
0.25482270228679726 0.8277694736510142 1.0409544624607134 0.8941690830306153 0.37734435396998145 0.13718643593414803 0.13351179855393291 0.6812009530946455 
0.7511016411260452 0.17826402801874996 0.3317618933704769 0.8941690830306153 0.37734435396998145 0.3632047846982879 0.13351179855393291 1.8086443361169988 
0.3075815469496692 0.24942776067814676 0.7497334207407516 0.5348096596781389 0.24029861956363274 0.3632047846982879 0.13351179855393291 1.8086443361169988 
0.07917235016804303 0.4668317992432216 0.06723698506035758 0.5115250125312556 0.37734435396998145 0.3632047846982879 0.3074730758905071 1.7289183396899241 
0.8800171638983101 0.22248267570757774 0.016048728368438292 0.15937736123316193 0.2276425697466995 0.3160401720262851 0.9465609619587079 2.8826797752754505 
0.4808223047170621 0.029921586461471028 0.48649177174536007 0.15937736123316193 0.6509079277034606 0.3160401720262851 0.24821414251591323 2.8826797752754505 
0.11615312121350696 0.49323093158911746 0.46581567095448784 0.019560908094329532 0.2276425697466995 0.3160401720262851 0.24821414251591323 2.8826797752754505 
0.11615312121350696 0.5517306351889399 0.664800954625689 0.019560908094329532 0.7699373590018732 0.43815058751953084 0.20734244536515 2.397394220687281 
0.11615312121350696 0.2506386549036246 0.006742321999219758 0.019560908094329532 0.7699373590018732 0.43815058751953084 0.508471397939587 2.8815394502898393 
0.40824497914212987 0.5489044464832364 0.006742321999219758 0.019560908094329532 0.1039885934213507 0.18057315073600289 0.3465349172114973 2.8815394502898393 
0.40824497914212987 0.2506386549036246 0.006742321999219758 0.019560908094329532 0.1039885934213507 0.43815058751953084 0.21429832385295078 3.5926353918185807 
0.40824497914212987 0.2506386549036246 0.006742321999219758 0.019560908094329532 0.1039885934213507 0.43815058751953084 0.21429832385295078 3.5926353918185807 
0.40824497914212987 0.2506386549036246 0.006742321999219758 0.019560908094329532 0.1039885934213507 0.43815058751953084 0.21429832385295078 3.5926353918185807 
0.40824497914212987 0.2506386549036246 0.006742321999219758 0.019560908094329532 0.1039885934213507 0.43815058751953084 0.21429832385295078 3.5926353918185807 
0.021208330892883653 1.1626666926282452 0.006742321999219758 0.3174850388682031 0.07869110710412786 0.43815058751953084 0.044194914362882365 5.236714987033768 
0.021208330892883653 0.31173830156374205 0.7299570981600323 0.3174850388682031 0.07869110710412786 0.43815058751953084 0.044194914362882365 5.236714987033768 
0.021208330892883653 0.31173830156374205 0.7299570981600323 0.3174850388682031 0.07869110710412786 0.43815058751953084 0.044194914362882365 5.236714987033768 
0.3293374957261692 0.31173830156374205 0.4687125189356227 0.573976687503758 0.6333866678325333 0.43815058751953084 0.044194914362882365 5.080758182458222 
0.9024838275853362 0.10625855303436804 0.7299570981600323 0.3174850388682031 0.07869110710412786 0.911087003435789 1.0017902246867483 5.992340097839304 
0.3370983308805302 0.7594162301011524 0.27319452848324244 0.11970724577871228 0.2763611632796521 0.8142909995260634 0.46150357064042313 4.219678980573361 
0.12858390438978495 0.19222240977914318 0.27319452848324244 0.11970724577871228 0.2763611632796521 0.6538697012817598 0.6353288601872416 3.9207846863680107 
0.008921376013031557 0.19222240977914318 0.27319452848324244 0.11970724577871228 0.2763611632796521 0.6767151972899352 0.6366647051992738 3.668625752208392 
0.008921376013031557 0.19222240977914318 0.27319452848324244 0.28033121960225227 0.7000514059066676 0.0662920521451964 0.35622344665847727 3.278121669370666 
0.008921376013031557 0.19222240977914318 0.27319452848324244 0.28033121960225227 0.7000514059066676 0.0662920521451964 0.35622344665847727 3.278121669370666 
0.3238804336713257 0.19222240977914318 0.27319452848324244 0.9997377777081546 0.16242697749782398 0.2020639740623047 0.35622344665847727 3.214516199535505 
0.3238804336713257 0.1535393161744314 0.38927128201095673 0.28033121960225227 0.5180985777416596 0.43534693176709616 0.019618861105893615 2.773335322202264 
0.044332764329350516 0.1535393161744314 0.38927128201095673 0.28033121960225227 0.5180985777416596 0.05123127998435706 0.5006071424419241 2.051846833879387 
0.044332764329350516 0.1535393161744314 0.38927128201095673 0.28033121960225227 0.5180985777416596 0.05123127998435706 0.5006071424419241 2.051846833879387 
0.044332764329350516 0.1535393161744314 0.38927128201095673 0.28033121960225227 0.5180985777416596 0.05123127998435706 0.5006071424419241 2.051846833879387 
0.29318542812166193 0.17738068383521766 0.32090920058808536 0.07739805748918549 0.5180985777416596 0.0022964103324514262 0.5917562874203477 0.43915810266042676 
0.29318542812166193 0.17738068383521766 0.32090920058808536 0.07739805748918549 0.5180985777416596 0.35252155775055183 0.29383854412111443 1.2435137653487591 
0.29318542812166193 0.17738068383521766 0.32090920058808536 0.07739805748918549 0.5180985777416596 0.35252155775055183 0.29383854412111443 1.2435137653487591 
0.29318542812166193 0.17738068383521766 0.32090920058808536 0.07739805748918549 0.5180985777416596 0.35252155775055183 0.29383854412111443 1.2435137653487591 
0.1333151759826745 0.17738068383521766 0.09283895382128127 0.7439890344493814 0.04414224139651002 0.8508975827692427 0.5250983967643785 2.232380343847174 
0.00027129607751041895 0.10120113329850167 0.3800789455606268 0.50097041988364 0.2635473544243432 0.4959382036843931 0.12152887976830007 2.3456947794193805 
0.06928070393934016 0.10120113329850167 0.3800789455606268 0.28631393627245627 0.2635473544243432 0.4959382036843931 0.12152887976830007 2.334663389519851 
0.019907211252930157 0.10120113329850167 0.3800789455606268 0.2377999315635433 0.2635473544243432 0.4959382036843931 0.12152887976830007 2.334663389519851 
0.693216021513019 0.2342318244786048 1.4437052268787172 0.07932248474119974 0.6076677250289573 0.0009762040078340473 0.1819492527523543 1.4567299067207131 
0.1604285576927531 0.3493978021018731 0.4745562204027456 0.6989216174899546 0.5475495688217631 0.006070091198987715 0.12152887976830007 0.9593126150910865 
0.1604285576927531 0.3493978021018731 0.4440264420913449 0.3381844239673677 0.5475495688217631 0.10146762436812962 0.30025898343359536 0.3341157743788572 
0.1604285576927531 0.3493978021018731 0.4440264420913449 0.21732239104840745 0.5475495688217631 0.10146762436812962 0.03777061045344565 1.967311038164666 
0.1604285576927531 0.3493978021018731 0.4440264420913449 0.21732239104840745 0.5475495688217631 0.10146762436812962 0.03777061045344565 1.967311038164666 
0.1604285576927531 0.3493978021018731 0.4440264420913449 0.21732239104840745 0.5475495688217631 0.10146762436812962 0.03777061045344565 1.967311038164666 
0.1604285576927531 0.3493978021018731 0.4440264420913449 0.21732239104840745 0.5475495688217631 0.10146762436812962 0.03777061045344565 1.967311038164666 
0.1604285576927531 0.3493978021018731 0.4440264420913449 0.21732239104840745 0.5475495688217631 0.10146762436812962 0.03777061045344565 1.967311038164666 
0.1604285576927531 0.3493978021018731 0.4440264420913449 0.21732239104840745 0.5475495688217631 0.10146762436812962 0.03777061045344565 1.967311038164666 
0.1604285576927531 1.3854077397493763 0.5288913668047388 0.21732239104840745 0.5475495688217631 0.10146762436812962 0.279498400561627 3.1768703136657717 
0.2325596992946246 0.2218133329427443 0.7545719157077928 0.4919700533914637 0.5475495688217631 0.24209562868830292 0.8404267858412344 0.5132723614272494 
0.5829939177937349 0.2906708075713966 0.18429695590593287 0.18695031186187938 0.17214835947141882 0.35752485156250424 0.24318083732751083 0.1353512781522912 
